-8.376063136660963915e-01 0.000000000000000000e+00 
-8.376062494014638871e-01 6.780291136311304072e-05 
-8.376060566151588560e-01 1.355950059504901196e-04 
-8.376057353299583008e-01 2.033654687600731047e-04 
-8.376052855838262978e-01 2.711034883368283548e-04 
-8.376047074299157735e-01 3.387982585454306340e-04 
-8.376040009365729455e-01 4.064389803419541139e-04 
-8.376031661873416523e-01 4.740148635442394576e-04 
-8.376022032809696816e-01 5.415151286006059756e-04 
-8.376011123314145435e-01 6.089290083565809678e-04 
-8.375998934678526853e-01 6.762457498193153761e-04 
-8.375985468346875962e-01 7.434546159193585390e-04 
-8.375970725915594661e-01 8.105448872694641285e-04 
-8.375954709133559550e-01 8.775058639201007088e-04 
-8.375937419902247383e-01 9.443268671113418198e-04 
-8.375918860275844979e-01 1.010997241020809671e-03 
-8.375899032461397997e-01 1.077506354507352720e-03 
-8.375877938818940827e-01 1.143843602850129482e-03 
-8.375855581861655352e-01 1.209998409482785893e-03 
-8.375831964256025275e-01 1.275960227722399126e-03 
-8.375807088821995983e-01 1.341718542492878301e-03 
-8.375780958533153298e-01 1.407262872042498378e-03 
-8.375753576516891119e-01 1.472582769655263408e-03 
-8.375724946054604603e-01 1.537667825355776936e-03 
-8.375695070581866686e-01 1.602507667607318796e-03 
-8.375663953688629038e-01 1.667091965002811052e-03 
-8.375631599119409687e-01 1.731410427948378624e-03 
-8.375598010773502855e-01 1.795452810339190830e-03 
-8.375563192705173243e-01 1.859208911227290669e-03 
-8.375527149123860315e-01 1.922668576481105463e-03 
-8.375489884394391460e-01 1.985821700436353043e-03 
-8.375451403037186271e-01 2.048658227538037967e-03 
-8.375411709728458609e-01 2.111168153973256526e-03 
-8.375370809300430874e-01 2.173341529294516277e-03 
-8.375328706741540508e-01 2.235168458033290166e-03 
-8.375285407196636500e-01 2.296639101303513380e-03 
-8.375240915967191446e-01 2.357743678394758156e-03 
-8.375195238511491391e-01 2.418472468354791651e-03 
-8.375148380444839002e-01 2.478815811561259699e-03 
-8.375100347539735646e-01 2.538764111282214991e-03 
-8.375051145726071233e-01 2.598307835225226008e-03 
-8.375000781091300750e-01 2.657437517074807357e-03 
-8.374949259880615227e-01 2.716143758017901342e-03 
-8.374896588497104943e-01 2.774417228257160511e-03 
-8.374842773501915971e-01 2.832248668511770998e-03 
-8.374787821614388950e-01 2.889628891505577682e-03 
-8.374731739712203415e-01 2.946548783442249232e-03 
-8.374674534831489936e-01 3.002999305467247537e-03 
-8.374616214166950012e-01 3.058971495116359109e-03 
-8.374556785071949339e-01 3.114456467750559895e-03 
-8.374496255058605509e-01 3.169445417976963705e-03 
-8.374434631797852413e-01 3.223929621055643489e-03 
-8.374371923119500183e-01 3.277900434292084757e-03 
-8.374308137012270725e-01 3.331349298415064303e-03 
-8.374243281623816593e-01 3.384267738939720441e-03 
-8.374177365260722095e-01 3.436647367515615736e-03 
-8.374110396388492195e-01 3.488479883259566674e-03 
-8.374042383631509212e-01 3.539757074073051658e-03 
-8.373973335772978421e-01 3.590470817943973957e-03 
-8.373903261754849225e-01 3.640613084232603974e-03 
-8.373832170677710796e-01 3.690175934941477068e-03 
-8.373760071800665505e-01 3.739151525969092518e-03 
-8.373686974541186823e-01 3.787532108347189865e-03 
-8.373612888474932792e-01 3.835310029461443896e-03 
-8.373537823335559516e-01 3.882477734255389626e-03 
-8.373461789014480239e-01 3.929027766417403367e-03 
-8.373384795560615546e-01 3.974952769550567713e-03 
-8.373306853180112475e-01 4.020245488325257383e-03 
-8.373227972236023664e-01 4.064898769614271566e-03 
-8.373148163247974285e-01 4.108905563610366213e-03 
-8.373067436891775683e-01 4.152258924926024476e-03 
-8.372985803999032361e-01 4.194952013675308337e-03 
-8.372903275556691227e-01 4.236978096537655225e-03 
-8.372819862706576410e-01 4.278330547803464376e-03 
-8.372735576744883002e-01 4.319002850401337627e-03 
-8.372650429121634152e-01 4.358988596906841935e-03 
-8.372564431440104871e-01 4.398281490532650502e-03 
-8.372477595456213617e-01 4.436875346099952364e-03 
-8.372389933077866164e-01 4.474764090990976037e-03 
-8.372301456364271699e-01 4.511941766082543104e-03 
-8.372212177525222287e-01 4.548402526660501669e-03 
-8.372122108920316830e-01 4.584140643314949491e-03 
-8.372031263058169470e-01 4.619150502816118421e-03 
-8.371939652595555836e-01 4.653426608970834266e-03 
-8.371847290336537073e-01 4.686963583459427193e-03 
-8.371754189231525034e-01 4.719756166653015471e-03 
-8.371660362376317499e-01 4.751799218411052392e-03 
-8.371565823011090091e-01 4.783087718859051381e-03 
-8.371470584519340452e-01 4.813616769146400812e-03 
-8.371374660426788017e-01 4.843381592184185271e-03 
-8.371278064400242691e-01 4.872377533362925658e-03 
-8.371180810246405812e-01 4.900600061250173084e-03 
-8.371082911910650015e-01 4.928044768267873278e-03 
-8.370984383475743584e-01 4.954707371349432142e-03 
-8.370885239160523739e-01 4.980583712576420845e-03 
-8.370785493318535497e-01 5.005669759794850217e-03 
-8.370685160436613925e-01 5.029961607210959793e-03 
-8.370584255133429741e-01 5.053455475966462523e-03 
-8.370482792157977192e-01 5.076147714693187915e-03 
-8.370380786388025296e-01 5.098034800047082822e-03 
-8.370278252828514676e-01 5.119113337221510053e-03 
-8.370175206609908880e-01 5.139380060439814428e-03 
-8.370071662986496852e-01 5.158831833427100777e-03 
-8.369967637334650989e-01 5.177465649861202196e-03 
-8.369863145151038575e-01 5.195278633802796059e-03 
-8.369758202050772145e-01 5.212268040104622684e-03 
-8.369652823765534322e-01 5.228431254799813591e-03 
-8.369547026141624935e-01 5.243765795469264301e-03 
-8.369440825137993700e-01 5.258269311588056015e-03 
-8.369334236824194084e-01 5.271939584850897538e-03 
-8.369227277378310514e-01 5.284774529476569255e-03 
-8.369119963084822311e-01 5.296772192491356994e-03 
-8.369012310332435423e-01 5.307930753991470588e-03 
-8.368904335611847545e-01 5.318248527384424572e-03 
-8.368796055513484378e-01 5.327723959609400109e-03 
-8.368687486725172597e-01 5.336355631336555175e-03 
-8.368578646029776191e-01 5.344142257145308161e-03 
-8.368469550302782833e-01 5.351082685681593162e-03 
-8.368360216509833638e-01 5.357175899794073930e-03 
-8.368250661704228488e-01 5.362421016649358135e-03 
-8.368140903024363642e-01 5.366817287826191121e-03 
-8.368030957691129368e-01 5.370364099388660363e-03 
-8.367920843005269838e-01 5.373060971938425391e-03 
-8.367810576344694162e-01 5.374907560645990519e-03 
-8.367700175161728593e-01 5.375903655261034253e-03 
-8.367589656980353174e-01 5.376049180101832685e-03 
-8.367479039393367346e-01 5.375344194023799413e-03 
-8.367368340059526677e-01 5.373788890367159343e-03 
-8.367257576700632971e-01 5.371383596883806677e-03 
-8.367146767098584403e-01 5.368128775643367899e-03 
-8.367035929092381252e-01 5.364025022918511403e-03 
-8.366925080575091656e-01 5.359073069049541047e-03 
-8.366814239490779626e-01 5.353273778288313543e-03 
-8.366703423831389763e-01 5.346628148621533454e-03 
-8.366592651633593114e-01 5.339137311573454413e-03 
-8.366481940975599718e-01 5.330802531988049903e-03 
-8.366371309973931192e-01 5.321625207790701279e-03 
-8.366260776780148900e-01 5.311606869729451619e-03 
-8.366150359577563256e-01 5.300749181095884381e-03 
-8.366040076577890838e-01 5.289053937425687579e-03 
-8.365929946017883756e-01 5.276523066178962461e-03 
-8.365819986155935695e-01 5.263158626400327861e-03 
-8.365710215268635785e-01 5.248962808358912172e-03 
-8.365600651647306929e-01 5.233937933168269357e-03 
-8.365491313594505263e-01 5.218086452386311823e-03 
-8.365382219420496313e-01 5.201410947595323450e-03 
-8.365273387439696728e-01 5.183914129962121330e-03 
-8.365164835967089374e-01 5.165598839778455520e-03 
-8.365056583314617322e-01 5.146468045981720564e-03 
-8.364948647787543434e-01 5.126524845656049018e-03 
-8.364841047680793285e-01 5.105772463513895409e-03 
-8.364733801275264780e-01 5.084214251358167881e-03 
-8.364626926834133336e-01 5.061853687525022863e-03 
-8.364520442599113759e-01 5.038694376307385238e-03 
-8.364414366786717681e-01 5.014740047359318893e-03 
-8.364308717584487685e-01 4.989994555081311844e-03 
-8.364203513147209224e-01 4.964461877986592157e-03 
-8.364098771593111437e-01 4.938146118048583090e-03 
-8.363994511000050203e-01 4.911051500029555567e-03 
-8.363890749401682312e-01 4.883182370790647986e-03 
-8.363787504783610771e-01 4.854543198583299336e-03 
-8.363684795079542322e-01 4.825138572322251740e-03 
-8.363582638167411654e-01 4.794973200840194419e-03 
-8.363481051865512272e-01 4.764051912124191331e-03 
-8.363380053928608504e-01 4.732379652534000891e-03 
-8.363279662044049712e-01 4.699961486002398811e-03 
-8.363179893827873412e-01 4.666802593217633278e-03 
-8.363080766820906176e-01 4.632908270788132186e-03 
-8.362982298484861188e-01 4.598283930389584703e-03 
-8.362884506198434709e-01 4.562935097894535962e-03 
-8.362787407253405858e-01 4.526867412484614564e-03 
-8.362691018850726410e-01 4.490086625745525611e-03 
-8.362595358096632792e-01 4.452598600744950633e-03 
-8.362500441998738099e-01 4.414409311093492327e-03 
-8.362406287462148535e-01 4.375524839988786420e-03 
-8.362312911285583183e-01 4.335951379242960167e-03 
-8.362220330157486003e-01 4.295695228293530329e-03 
-8.362128560652173359e-01 4.254762793197935759e-03 
-8.362037619225969332e-01 4.213160585611826041e-03 
-8.361947522213367678e-01 4.170895221751261435e-03 
-8.361858285823197123e-01 4.127973421338986329e-03 
-8.361769926134808850e-01 4.084402006534927979e-03 
-8.361682459094283981e-01 4.040187900851080136e-03 
-8.361595900510641055e-01 3.995338128050919015e-03 
-8.361510266052083473e-01 3.949859811033551091e-03 
-8.361425571242253607e-01 3.903760170702700715e-03 
-8.361341831456516882e-01 3.857046524820784313e-03 
-8.361259061918261404e-01 3.809726286848149658e-03 
-8.361177277695229781e-01 3.761806964767740440e-03 
-8.361096493695873155e-01 3.713296159895291930e-03 
-8.361016724665727429e-01 3.664201565675281966e-03 
-8.360937985183831689e-01 3.614530966462792521e-03 
-8.360860289659161060e-01 3.564292236291478726e-03 
-8.360783652327103965e-01 3.513493337627804098e-03 
-8.360708087245962705e-01 3.462142320111775279e-03 
-8.360633608293489560e-01 3.410247319284300752e-03 
-8.360560229163467305e-01 3.357816555301441127e-03 
-8.360487963362310815e-01 3.304858331635667206e-03 
-8.360416824205719744e-01 3.251381033764388657e-03 
-8.360346824815367839e-01 3.197393127845893357e-03 
-8.360277978115622233e-01 3.142903159382957196e-03 
-8.360210296830320464e-01 3.087919751874255297e-03 
-8.360143793479574148e-01 3.032451605453866540e-03 
-8.360078480376638144e-01 2.976507495518983682e-03 
-8.360014369624799713e-01 2.920096271346121417e-03 
-8.359951473114326514e-01 2.863226854695972816e-03 
-8.359889802519476776e-01 2.805908238407154882e-03 
-8.359829369295525003e-01 2.748149484979076941e-03 
-8.359770184675873184e-01 2.689959725144085417e-03 
-8.359712259669181966e-01 2.631348156429186812e-03 
-8.359655605056581784e-01 2.572324041707492893e-03 
-8.359600231388918390e-01 2.512896707739672129e-03 
-8.359546148984059455e-01 2.453075543705588238e-03 
-8.359493367924255569e-01 2.392869999726390372e-03 
-8.359441898053564524e-01 2.332289585377235810e-03 
-8.359391748975314451e-01 2.271343868190936997e-03 
-8.359342930049655784e-01 2.210042472152692981e-03 
-8.359295450391139859e-01 2.148395076186224422e-03 
-8.359249318866381895e-01 2.086411412631455301e-03 
-8.359204544091778377e-01 2.024101265714060502e-03 
-8.359161134431275508e-01 1.961474470007054487e-03 
-8.359119097994225367e-01 1.898540908884719216e-03 
-8.359078442633277595e-01 1.835310512969041963e-03 
-8.359039175942362121e-01 1.771793258569003687e-03 
-8.359001305254718517e-01 1.707999166112849796e-03 
-8.358964837640999734e-01 1.643938298573694801e-03 
-8.358929779907446900e-01 1.579620759888624359e-03 
-8.358896138594120728e-01 1.515056693371607394e-03 
-8.358863919973213985e-01 1.450256280120425581e-03 
-8.358833130047428339e-01 1.385229737417902323e-03 
-8.358803774548416721e-01 1.319987317127646956e-03 
-8.358775858935303393e-01 1.254539304084623412e-03 
-8.358749388393272861e-01 1.188896014480723528e-03 
-8.358724367832227609e-01 1.123067794245685008e-03 
-8.358700801885523557e-01 1.057065017423548976e-03 
-8.358678694908774354e-01 9.908980845449225344e-04 
-8.358658050978731158e-01 9.245774209953476269e-04 
-8.358638873892231258e-01 8.581134753799736416e-04 
-8.358621167165233290e-01 7.915167178848488182e-04 
-8.358604934031910183e-01 7.247976386350551102e-04 
-8.358590177443830926e-01 6.579667460499744654e-04 
-8.358576900069211169e-01 5.910345651959107369e-04 
-8.358565104292240422e-01 5.240116361363894495e-04 
-8.358554792212484763e-01 4.569085122803176772e-04 
-8.358545965644367248e-01 3.897357587283699484e-04 
-8.358538626116721604e-01 3.225039506177499078e-04 
-8.358532774872431403e-01 2.552236714656956054e-04 
-8.358528412868125868e-01 1.879055115119113433e-04 
-8.358525540773980023e-01 1.205600660602492688e-04 
-8.358524158973567042e-01 5.319793381986859178e-05 
-8.358524267563802734e-01 -1.417028475383651761e-05 
-8.358525866354958866e-01 -8.153398911831365582e-05 
-8.358528954870757532e-01 -1.488825803026112501e-04 
-8.358533532348543238e-01 -2.162054625656217866e-04 
-8.358539597739523819e-01 -2.834920450534875137e-04 
-8.358547149709102397e-01 -3.507317434559424933e-04 
-8.358556186637267071e-01 -4.179139816613004332e-04 
-8.358566706619077191e-01 -4.850281934098605880e-04 
-8.358578707465207369e-01 -5.520638239454243564e-04 
-8.358592186702586968e-01 -6.190103316646942142e-04 
-8.358607141575089550e-01 -6.858571897642801391e-04 
-8.358623569044324464e-01 -7.525938878850443187e-04 
-8.358641465790485059e-01 -8.192099337535557009e-04 
-8.358660828213281269e-01 -8.856948548203374743e-04 
-8.358681652432941034e-01 -9.520381998947276096e-04 
-8.358703934291290549e-01 -1.018229540775993916e-03 
-8.358727669352900014e-01 -1.084258473880557244e-03 
-8.358752852906313757e-01 -1.150114621864965596e-03 
-8.358779479965343651e-01 -1.215787635244443927e-03 
-8.358807545270435790e-01 -1.281267194006705662e-03 
-8.358837043290119340e-01 -1.346543009220812440e-03 
-8.358867968222500888e-01 -1.411604824640799987e-03 
-8.358900313996864284e-01 -1.476442418303858467e-03 
-8.358934074275305992e-01 -1.541045604122764402e-03 
-8.358969242454462600e-01 -1.605404233472372240e-03 
-8.359005811667298280e-01 -1.669508196769871333e-03 
-8.359043774784954417e-01 -1.733347425048596896e-03 
-8.359083124418679178e-01 -1.796911891525121083e-03 
-8.359123852921809261e-01 -1.860191613159424464e-03 
-8.359165952391824916e-01 -1.923176652207844121e-03 
-8.359209414672470473e-01 -1.985857117768640486e-03 
-8.359254231355925935e-01 -2.048223167319845970e-03 
-8.359300393785062955e-01 -2.110265008249265044e-03 
-8.359347893055741885e-01 -2.171972899376308115e-03 
-8.359396720019176552e-01 -2.233337152465459264e-03 
-8.359446865284364536e-01 -2.294348133731177915e-03 
-8.359498319220571849e-01 -2.354996265333921326e-03 
-8.359551071959870905e-01 -2.415272026867166470e-03 
-8.359605113399743992e-01 -2.475165956835114270e-03 
-8.359660433205738927e-01 -2.534668654120922696e-03 
-8.359717020814172450e-01 -2.593770779445185495e-03 
-8.359774865434901336e-01 -2.652463056814509564e-03 
-8.359833956054136817e-01 -2.710736274959885204e-03 
-8.359894281437308949e-01 -2.768581288764730870e-03 
-8.359955830131992061e-01 -2.825989020682312738e-03 
-8.360018590470860156e-01 -2.882950462142399011e-03 
-8.360082550574715610e-01 -2.939456674946879216e-03 
-8.360147698355543389e-01 -2.995498792654206245e-03 
-8.360214021519620786e-01 -3.051068021952379247e-03 
-8.360281507570670456e-01 -3.106155644020359378e-03 
-8.360350143813057855e-01 -3.160753015877620919e-03 
-8.360419917355025321e-01 -3.214851571721721087e-03 
-8.360490815111973895e-01 -3.268442824253647416e-03 
-8.360562823809778443e-01 -3.321518365990761435e-03 
-8.360635929988147197e-01 -3.374069870567176013e-03 
-8.360710120004014589e-01 -3.426089094021297476e-03 
-8.360785380034966296e-01 -3.477567876070457049e-03 
-8.360861696082707573e-01 -3.528498141372368377e-03 
-8.360939053976556012e-01 -3.578871900773268871e-03 
-8.361017439376968730e-01 -3.628681252542528476e-03 
-8.361096837779107283e-01 -3.677918383593598798e-03 
-8.361177234516414813e-01 -3.726575570691107852e-03 
-8.361258614764240926e-01 -3.774645181643896188e-03 
-8.361340963543473226e-01 -3.822119676483890730e-03 
-8.361424265724212157e-01 -3.868991608630590381e-03 
-8.361508506029456944e-01 -3.915253626041060621e-03 
-8.361593669038818177e-01 -3.960898472345178618e-03 
-8.361679739192243721e-01 -4.005918987966093289e-03 
-8.361766700793787921e-01 -4.050308111225648343e-03 
-8.361854538015363048e-01 -4.094058879434668563e-03 
-8.361943234900538480e-01 -4.137164429967909833e-03 
-8.362032775368335447e-01 -4.179618001323579662e-03 
-8.362123143217052856e-01 -4.221412934167239998e-03 
-8.362214322128085353e-01 -4.262542672359974361e-03 
-8.362306295669770240e-01 -4.303000763970639755e-03 
-8.362399047301233290e-01 -4.342780862272127909e-03 
-8.362492560376253437e-01 -4.381876726721420715e-03 
-8.362586818147116352e-01 -4.420282223923388716e-03 
-8.362681803768501343e-01 -4.457991328578119264e-03 
-8.362777500301341593e-01 -4.494998124411711884e-03 
-8.362873890716709946e-01 -4.531296805090375204e-03 
-8.362970957899699131e-01 -4.566881675117720474e-03 
-8.363068684653299778e-01 -4.601747150715104241e-03 
-8.363167053702281750e-01 -4.635887760684936042e-03 
-8.363266047697066607e-01 -4.669298147256816661e-03 
-8.363365649217605613e-01 -4.701973066916367329e-03 
-8.363465840777244420e-01 -4.733907391216695196e-03 
-8.363566604826587758e-01 -4.765096107572317288e-03 
-8.363667923757349687e-01 -4.795534320035503908e-03 
-8.363769779906200519e-01 -4.825217250054864536e-03 
-8.363872155558604859e-01 -4.854140237216139804e-03 
-8.363975032952640776e-01 -4.882298739965054701e-03 
-8.364078394282812301e-01 -4.909688336312156669e-03 
-8.364182221703845288e-01 -4.936304724519522368e-03 
-8.364286497334474380e-01 -4.962143723769261994e-03 
-8.364391203261202223e-01 -4.987201274813719658e-03 
-8.364496321542049806e-01 -5.011473440607285695e-03 
-8.364601834210290132e-01 -5.034956406919706418e-03 
-8.364707723278147489e-01 -5.057646482930854871e-03 
-8.364813970740497817e-01 -5.079540101806843781e-03 
-8.364920558578531340e-01 -5.100633821257415622e-03 
-8.365027468763388541e-01 -5.120924324074517878e-03 
-8.365134683259790593e-01 -5.140408418652011452e-03 
-8.365242184029627603e-01 -5.159083039486415945e-03 
-8.365349953035523534e-01 -5.176945247658641495e-03 
-8.365457972244378926e-01 -5.193992231296604839e-03 
-8.365566223630883647e-01 -5.210221306018713097e-03 
-8.365674689180998547e-01 -5.225629915358103415e-03 
-8.365783350895403814e-01 -5.240215631167599412e-03 
-8.365892190792920680e-01 -5.253976154005325465e-03 
-8.366001190913903152e-01 -5.266909313500908567e-03 
-8.366110333323585335e-01 -5.279013068702230471e-03 
-8.366219600115413213e-01 -5.290285508402647711e-03 
-8.366328973414317582e-01 -5.300724851448663892e-03 
-8.366438435379972560e-01 -5.310329447027977053e-03 
-8.366547968210010788e-01 -5.319097774937868277e-03 
-8.366657554143192010e-01 -5.327028445833877773e-03 
-8.366767175462546113e-01 -5.334120201458740669e-03 
-8.366876814498472870e-01 -5.340371914851529608e-03 
-8.366986453631798382e-01 -5.345782590536962524e-03 
-8.367096075296800439e-01 -5.350351364694853028e-03 
-8.367205661984179477e-01 -5.354077505309664392e-03 
-8.367315196244000663e-01 -5.356960412300122883e-03 
-8.367424660688590476e-01 -5.358999617628887845e-03 
-8.367534037995382201e-01 -5.360194785392215222e-03 
-8.367643310909733678e-01 -5.360545711889627522e-03 
-8.367752462247680656e-01 -5.360052325673536448e-03 
-8.367861474898670160e-01 -5.358714687578819934e-03 
-8.367970331828231689e-01 -5.356532990732311948e-03 
-8.368079016080600674e-01 -5.353507560542214612e-03 
-8.368187510781316396e-01 -5.349638854667404866e-03 
-8.368295799139749969e-01 -5.344927462966615750e-03 
-8.368403864451602336e-01 -5.339374107427507891e-03 
-8.368511690101353429e-01 -5.332979642075590457e-03 
-8.368619259564650248e-01 -5.325745052863025374e-03 
-8.368726556410667206e-01 -5.317671457537276672e-03 
-8.368833564304406503e-01 -5.308760105489628359e-03 
-8.368940267008955214e-01 -5.299012377583563888e-03 
-8.369046648387692411e-01 -5.288429785963010693e-03 
-8.369152692406444105e-01 -5.277013973840465402e-03 
-8.369258383135604884e-01 -5.264766715264997989e-03 
-8.369363704752188493e-01 -5.251689914870157419e-03 
-8.369468641541851772e-01 -5.237785607601779664e-03 
-8.369573177900851979e-01 -5.223055958425732760e-03 
-8.369677298337970806e-01 -5.207503262015604137e-03 
-8.369780987476375111e-01 -5.191129942420357087e-03 
-8.369884230055442131e-01 -5.173938552711978070e-03 
-8.369987010932524729e-01 -5.155931774613156486e-03 
-8.370089315084680015e-01 -5.137112418104994305e-03 
-8.370191127610336901e-01 -5.117483421014821024e-03 
-8.370292433730920356e-01 -5.097047848584098338e-03 
-8.370393218792437917e-01 -5.075808893016514264e-03 
-8.370493468266997361e-01 -5.053769873006241573e-03 
-8.370593167754294406e-01 -5.030934233246453328e-03 
-8.370692302983043787e-01 -5.007305543918104222e-03 
-8.370790859812368145e-01 -4.982887500159071358e-03 
-8.370888824233133629e-01 -4.957683921513652767e-03 
-8.370986182369246631e-01 -4.931698751362520797e-03 
-8.371082920478893907e-01 -4.904936056333156387e-03 
-8.371179024955751613e-01 -4.877400025690856178e-03 
-8.371274482330128830e-01 -4.849094970710337606e-03 
-8.371369279270084451e-01 -4.820025324028045198e-03 
-8.371463402582492996e-01 -4.790195638975202307e-03 
-8.371556839214054913e-01 -4.759610588891681135e-03 
-8.371649576252284675e-01 -4.728274966420785604e-03 
-8.371741600926430049e-01 -4.696193682784988686e-03 
-8.371832900608375816e-01 -4.663371767042761261e-03 
-8.371923462813479766e-01 -4.629814365326509820e-03 
-8.372013275201385385e-01 -4.595526740061763558e-03 
-8.372102325576782356e-01 -4.560514269167668076e-03 
-8.372190601890130424e-01 -4.524782445238909739e-03 
-8.372278092238345515e-01 -4.488336874709124465e-03 
-8.372364784865440335e-01 -4.451183276995947062e-03 
-8.372450668163133880e-01 -4.413327483627738426e-03 
-8.372535730671414322e-01 -4.374775437352167520e-03 
-8.372619961079073025e-01 -4.335533191226696725e-03 
-8.372703348224194153e-01 -4.295606907691123209e-03 
-8.372785881094616522e-01 -4.255002857622264788e-03 
-8.372867548828351048e-01 -4.213727419370948135e-03 
-8.372948340713971538e-01 -4.171787077781377411e-03 
-8.373028246190967749e-01 -4.129188423193045493e-03 
-8.373107254850065129e-01 -4.085938150425274563e-03 
-8.373185356433515691e-01 -4.042043057744605476e-03 
-8.373262540835354484e-01 -3.997510045815061940e-03 
-8.373338798101626068e-01 -3.952346116631504612e-03 
-8.373414118430583253e-01 -3.906558372436194811e-03 
-8.373488492172850295e-01 -3.860154014618732629e-03 
-8.373561909831575001e-01 -3.813140342599484391e-03 
-8.373634362062526426e-01 -3.765524752696679418e-03 
-8.373705839674194795e-01 -3.717314736977350449e-03 
-8.373776333627842572e-01 -3.668517882092231334e-03 
-8.373845835037548868e-01 -3.619141868094823220e-03 
-8.373914335170219436e-01 -3.569194467244744123e-03 
-8.373981825445574456e-01 -3.518683542795630805e-03 
-8.374048297436121890e-01 -3.467617047767637597e-03 
-8.374113742867098642e-01 -3.416003023704819279e-03 
-8.374178153616403941e-01 -3.363849599417508170e-03 
-8.374241521714499425e-01 -3.311164989709938691e-03 
-8.374303839344306999e-01 -3.257957494093238673e-03 
-8.374365098841074495e-01 -3.204235495484031131e-03 
-8.374425292692233569e-01 -3.150007458888800464e-03 
-8.374484413537238714e-01 -3.095281930074286758e-03 
-8.374542454167388517e-01 -3.040067534224035264e-03 
-8.374599407525646910e-01 -2.984372974581341736e-03 
-8.374655266706428902e-01 -2.928207031078826524e-03 
-8.374710024955395182e-01 -2.871578558954817392e-03 
-8.374763675669218976e-01 -2.814496487356758347e-03 
-8.374816212395361781e-01 -2.756969817931881686e-03 
-8.374867628831816901e-01 -2.699007623405344936e-03 
-8.374917918826858543e-01 -2.640619046146095925e-03 
-8.374967076378788677e-01 -2.581813296720644659e-03 
-8.375015095635652829e-01 -2.522599652435012635e-03 
-8.375061970894979169e-01 -2.462987455865069033e-03 
-8.375107696603496521e-01 -2.402986113375518793e-03 
-8.375152267356843483e-01 -2.342605093627779782e-03 
-8.375195677899288649e-01 -2.281853926076940313e-03 
-8.375237923123431960e-01 -2.220742199458145254e-03 
-8.375278998069920489e-01 -2.159279560262561230e-03 
-8.375318897927148676e-01 -2.097475711203238783e-03 
-8.375357618030968565e-01 -2.035340409671082713e-03 
-8.375395153864390041e-01 -1.972883466181250215e-03 
-8.375431501057292172e-01 -1.910114742810163071e-03 
-8.375466655386131221e-01 -1.847044151623454620e-03 
-8.375500612773650877e-01 -1.783681653095080255e-03 
-8.375533369288595820e-01 -1.720037254517898942e-03 
-8.375564921145431940e-01 -1.656121008405974249e-03 
-8.375595264704066567e-01 -1.591943010888857051e-03 
-8.375624396469572019e-01 -1.527513400098133535e-03 
-8.375652313091930257e-01 -1.462842354546561169e-03 
-8.375679011365757543e-01 -1.397940091499994941e-03 
-8.375704488230059086e-01 -1.332816865342447993e-03 
-8.375728740767980351e-01 -1.267482965934528440e-03 
-8.375751766206568361e-01 -1.201948716965600596e-03 
-8.375773561916540766e-01 -1.136224474299880535e-03 
-8.375794125412061586e-01 -1.070320624316798384e-03 
-8.375813454350532483e-01 -1.004247582245931586e-03 
-8.375831546532390703e-01 -9.380157904967878707e-04 
-8.375848399900910346e-01 -8.716357169837121461e-04 
-8.375864012542029169e-01 -8.051178534462283438e-04 
-8.375878382684166512e-01 -7.384727137651579806e-04 
-8.375891508698078969e-01 -6.717108322747312879e-04 
-8.375903389096692742e-01 -6.048427620710603025e-04 
-8.375914022534987069e-01 -5.378790733172249088e-04 
-8.375923407809853227e-01 -4.708303515453410586e-04 
-8.375931543859996831e-01 -4.037071959558345691e-04 
-8.375938429765823479e-01 -3.365202177142659779e-04 
-8.375944064749372142e-01 -2.692800382460264598e-04 
-8.375948448174221905e-01 -2.019972875291909786e-04 
-8.375951579545443115e-01 -1.346826023858145789e-04 
-8.375953458509549643e-01 -6.734662477202083659e-05 
