2.471972479675592389e-317 -8.369159262572692937e-01
6.784402678036009604e+00 1.446404468569806867e-01
6.777611484164101086e+00 1.472706860962928743e-01
6.770820290292193455e+00 1.498470571363495485e-01
6.764029096420285825e+00 1.523686071271102838e-01
6.757237902548377306e+00 1.548344040676052913e-01
6.750446708676469676e+00 1.572435371722649411e-01
6.743655514804562046e+00 1.595951172282721875e-01
6.736864320932653527e+00 1.618882769437722247e-01
6.730073127060745897e+00 1.641221712867839133e-01
6.723281933188838266e+00 1.662959778146629042e-01
6.716490739316929748e+00 1.684088969939646907e-01
6.709699545445022117e+00 1.704601525105671755e-01
6.702908351573114487e+00 1.724489915699191633e-01
6.696117157701205969e+00 1.743746851872767512e-01
6.689325963829298338e+00 1.762365284678049926e-01
6.682534769957390708e+00 1.780338408764254865e-01
6.675743576085482189e+00 1.797659664972891536e-01
6.668952382213574559e+00 1.814322742827680635e-01
6.662161188341666929e+00 1.830321582918625345e-01
6.655369994469758410e+00 1.845650379179211986e-01
6.648578800597850780e+00 1.860303581055831323e-01
6.641787606725943149e+00 1.874275895568565942e-01
6.634996412854034631e+00 1.887562289262488813e-01
6.628205218982127001e+00 1.900157990048736700e-01
6.621414025110219370e+00 1.912058488934677558e-01
6.614622831238310852e+00 1.923259541642497461e-01
6.607831637366403221e+00 1.933757170115643909e-01
6.601040443494495591e+00 1.943547663912617574e-01
6.594249249622587072e+00 1.952627581487625663e-01
6.587458055750679442e+00 1.960993751357704429e-01
6.580666861878771812e+00 1.968643273155979423e-01
6.573875668006863293e+00 1.975573518570765685e-01
6.567084474134955663e+00 1.981782132170282762e-01
6.560293280263048032e+00 1.987267032112838838e-01
6.553502086391139514e+00 1.992026410742357700e-01
6.546710892519231884e+00 1.996058735069213275e-01
6.539919698647324253e+00 1.999362747136388674e-01
6.533128504775415735e+00 2.001937464271025258e-01
6.526337310903508104e+00 2.003782179221488824e-01
6.519546117031600474e+00 2.004896460180157214e-01
6.512754923159691955e+00 2.005280150692158037e-01
6.505963729287784325e+00 2.004933369450372649e-01
6.499172535415876695e+00 2.003856509977061107e-01
6.492381341543968176e+00 2.002050240192534414e-01
6.485590147672060546e+00 1.999515501871328704e-01
6.478798953800152916e+00 1.996253509986435637e-01
6.472007759928244397e+00 1.992265751942153551e-01
6.465216566056336767e+00 1.987553986696207753e-01
6.458425372184429136e+00 1.982120243771819668e-01
6.451634178312521506e+00 1.975966822160490355e-01
6.444842984440612987e+00 1.969096289116268050e-01
6.438051790568705357e+00 1.961511478842375977e-01
6.431260596696797727e+00 1.953215491071073895e-01
6.424469402824889208e+00 1.944211689537717336e-01
6.417678208952981578e+00 1.934503700350012900e-01
6.410887015081073947e+00 1.924095410253496286e-01
6.404095821209165429e+00 1.912990964794353821e-01
6.397304627337257799e+00 1.901194766380706058e-01
6.390513433465350168e+00 1.888711472243536360e-01
6.383722239593441650e+00 1.875545992298512932e-01
6.376931045721534907e+00 1.861703486909957184e-01
6.370139851849626389e+00 1.847189364558261271e-01
6.363348657977718759e+00 1.832009279412166736e-01
6.356557464105810240e+00 1.816169128807211819e-01
6.349766270233902610e+00 1.799675050631871498e-01
6.342975076361994091e+00 1.782533420622783304e-01
6.336183882490087349e+00 1.764750849570644042e-01
6.329392688618178830e+00 1.746334180438232075e-01
6.322601494746271200e+00 1.727290485392253827e-01
6.315810300874362682e+00 1.707627062750486091e-01
6.309019107002455051e+00 1.687351433845995785e-01
6.302227913130547421e+00 1.666471339809995622e-01
6.295436719258639791e+00 1.644994738275132318e-01
6.288645525386731272e+00 1.622929800000886269e-01
6.281854331514823642e+00 1.600284905422874049e-01
6.275063137642916011e+00 1.577068641127805648e-01
6.268271943771007493e+00 1.553289796255955812e-01
6.261480749899099862e+00 1.528957358832964131e-01
6.254689556027192232e+00 1.504080512032787975e-01
6.247898362155283714e+00 1.478668630373757564e-01
6.241107168283376083e+00 1.452731275849591108e-01
6.234315974411468453e+00 1.426278193997262411e-01
6.227524780539559934e+00 1.399319309903717945e-01
6.220733586667652304e+00 1.371864724153371573e-01
6.213942392795744674e+00 1.343924708718299277e-01
6.207151198923836155e+00 1.315509702793191404e-01
6.200360005051928525e+00 1.286630308577006165e-01
6.193568811180020894e+00 1.257297287003326935e-01
6.186777617308112376e+00 1.227521553421462852e-01
6.179986423436204745e+00 1.197314173230322465e-01
6.173195229564297115e+00 1.166686357467029700e-01
6.166404035692389485e+00 1.135649458352406549e-01
6.159612841820480966e+00 1.104214964795298404e-01
6.152821647948573336e+00 1.072394497857838136e-01
6.146030454076665706e+00 1.040199806183635944e-01
6.139239260204757187e+00 1.007642761391018271e-01
6.132448066332849557e+00 9.747353534333386138e-02
6.125656872460941926e+00 9.414896859283689023e-02
6.118865678589033408e+00 9.079179714589055705e-02
6.112074484717125777e+00 8.740325268465889974e-02
6.105283290845218147e+00 8.398457684009519308e-02
6.098492096973309629e+00 8.053702071458046508e-02
6.091700903101401998e+00 7.706184440249677636e-02
6.084909709229494368e+00 7.356031650893146701e-02
6.078118515357585849e+00 7.003371366672503373e-02
6.071327321485678219e+00 6.648332005205759287e-02
6.064536127613770589e+00 6.291042689877077154e-02
6.057744933741862070e+00 5.931633201163216684e-02
6.050953739869954440e+00 5.570233927873605162e-02
6.044162545998046809e+00 5.206975818323303362e-02
6.037371352126138291e+00 4.841990331459125607e-02
6.030580158254230660e+00 4.475409387958015350e-02
6.023788964382323030e+00 4.107365321316408524e-02
6.016997770510414512e+00 3.737990828950502054e-02
6.010206576638506881e+00 3.367418923325954383e-02
6.003415382766599251e+00 2.995782883135278407e-02
5.996624188894690732e+00 2.623216204542380692e-02
5.989832995022783102e+00 2.249852552512132675e-02
5.983041801150875472e+00 1.875825712242773502e-02
5.976250607278966953e+00 1.501269540719923912e-02
5.969459413407059323e+00 1.126317918409552865e-02
5.962668219535151692e+00 7.511047011070220991e-03
5.955877025663243174e+00 3.757636719603663078e-03
5.949085831791335544e+00 4.284936845400100225e-06
5.942294637919427913e+00 -3.747673390170402907e-03
5.935503444047519395e+00 -7.496905468060394151e-03
5.928712250175611764e+00 -1.124208112821994954e-02
5.921921056303704134e+00 -1.498187329538561152e-02
5.915129862431795615e+00 -1.871495845346524134e-02
5.908338668559887985e+00 -2.244001710848303466e-02
5.901547474687980355e+00 -2.615573424849029771e-02
5.894756280816071836e+00 -2.986079980028319425e-02
5.887965086944164206e+00 -3.355390908278149675e-02
5.881173893072256575e+00 -3.723376325692823174e-02
5.874382699200348057e+00 -4.089906977195836846e-02
5.867591505328440427e+00 -4.454854280789991017e-02
5.860800311456532796e+00 -4.818090371417513285e-02
5.854009117584624278e+00 -5.179488144415825279e-02
5.847217923712716647e+00 -5.538921298556132022e-02
5.840426729840809017e+00 -5.896264378652521509e-02
5.833635535968900498e+00 -6.251392817727896567e-02
5.826844342096992868e+00 -6.604182978725026132e-02
5.820053148225085238e+00 -6.954512195751005876e-02
5.813261954353176719e+00 -7.302258814842521595e-02
5.806470760481269089e+00 -7.647302234240938024e-02
5.799679566609361459e+00 -7.989522944166438378e-02
5.792888372737452940e+00 -8.328802566079462899e-02
5.786097178865545310e+00 -8.665023891419385005e-02
5.779305984993637679e+00 -8.998070919810458035e-02
5.772514791121729161e+00 -9.327828896724213448e-02
5.765723597249821530e+00 -9.654184350589112285e-02
5.758932403377913900e+00 -9.977025129338318310e-02
5.752141209506005382e+00 -1.029624043638575903e-01
5.745350015634097751e+00 -1.061172086602195086e-01
5.738558821762190121e+00 -1.092335843822160868e-01
5.731767627890281602e+00 -1.123104663285375837e-01
5.724976434018373972e+00 -1.153468042328699983e-01
5.718185240146466342e+00 -1.183415630938247365e-01
5.711394046274557823e+00 -1.212937234986647128e-01
5.704602852402650193e+00 -1.242022819407586631e-01
5.697811658530742562e+00 -1.270662511306995535e-01
5.691020464658834044e+00 -1.298846603010136158e-01
5.684229270786926413e+00 -1.326565555044024181e-01
5.677438076915018783e+00 -1.353809999054585989e-01
5.670646883043110265e+00 -1.380570740657935946e-01
5.663855689171202634e+00 -1.406838762225250117e-01
5.657064495299295004e+00 -1.432605225600747101e-01
5.650273301427386485e+00 -1.457861474752221442e-01
5.643482107555478855e+00 -1.482599038353696053e-01
5.636690913683571225e+00 -1.506809632299775381e-01
5.629899719811662706e+00 -1.530485162151228873e-01
5.623108525939755964e+00 -1.553617725511442504e-01
5.616317332067847445e+00 -1.576199614333414489e-01
5.609526138195939815e+00 -1.598223317156835244e-01
5.602734944324031297e+00 -1.619681521275093961e-01
5.595943750452124554e+00 -1.640567114831766315e-01
5.589152556580215148e+00 -1.660873188846450355e-01
5.582361362708308405e+00 -1.680593039169550607e-01
5.575570168836399887e+00 -1.699720168365987938e-01
5.568778974964492257e+00 -1.718248287527407714e-01
5.561987781092583738e+00 -1.736171318012911247e-01
5.555196587220676996e+00 -1.753483393118004385e-01
5.548405393348767589e+00 -1.770178859671746041e-01
5.541614199476860847e+00 -1.786252279561858225e-01
5.534823005604952328e+00 -1.801698431187858107e-01
5.528031811733044698e+00 -1.816512310841977285e-01
5.521240617861136180e+00 -1.830689134017956243e-01
5.514449423989229437e+00 -1.844224336647582729e-01
5.507658230117320919e+00 -1.857113576265038701e-01
5.500867036245413288e+00 -1.869352733098980091e-01
5.494075842373504770e+00 -1.880937911092465109e-01
5.487284648501597140e+00 -1.891865438850693915e-01
5.480493454629688621e+00 -1.902131870516687306e-01
5.473702260757781879e+00 -1.911733986574929156e-01
5.466911066885873360e+00 -1.920668794583118566e-01
5.460119873013965730e+00 -1.928933529832092542e-01
5.453328679142057211e+00 -1.936525655934109302e-01
5.446537485270149581e+00 -1.943442865339583547e-01
5.439746291398241063e+00 -1.949683079782479067e-01
5.432955097526334320e+00 -1.955244450654500254e-01
5.426163903654425802e+00 -1.960125359308314275e-01
5.419372709782518172e+00 -1.964324417289972369e-01
5.412581515910609653e+00 -1.967840466500787588e-01
5.405790322038702023e+00 -1.970672579288879622e-01
5.398999128166794392e+00 -1.972820058470661497e-01
5.392207934294886762e+00 -1.974282437282507963e-01
5.385416740422978243e+00 -1.975059479262904205e-01
5.378625546551070613e+00 -1.975151178065355229e-01
5.371834352679162983e+00 -1.974557757202361763e-01
5.365043158807254464e+00 -1.973279669720779117e-01
5.358251964935346834e+00 -1.971317597808889543e-01
5.351460771063439203e+00 -1.968672452335523959e-01
5.344669577191530685e+00 -1.965345372321588846e-01
5.337878383319623055e+00 -1.961337724344356936e-01
5.331087189447715424e+00 -1.956651101874904430e-01
5.324295995575806906e+00 -1.951287324549064728e-01
5.317504801703899275e+00 -1.945248437372319172e-01
5.310713607831991645e+00 -1.938536709858997009e-01
5.303922413960083126e+00 -1.931154635106232531e-01
5.297131220088175496e+00 -1.923104928803094082e-01
5.290340026216267866e+00 -1.914390528175306805e-01
5.283548832344359347e+00 -1.905014590866036528e-01
5.276757638472451717e+00 -1.894980493753184725e-01
5.269966444600544087e+00 -1.884291831703637510e-01
5.263175250728635568e+00 -1.872952416264971331e-01
5.256384056856727938e+00 -1.860966274295085821e-01
5.249592862984820307e+00 -1.848337646530234801e-01
5.242801669112912677e+00 -1.835070986091988376e-01
5.236010475241004158e+00 -1.821170956933603757e-01
5.229219281369096528e+00 -1.806642432226344963e-01
5.222428087497188898e+00 -1.791490492686242386e-01
5.215636893625280379e+00 -1.775720424841857881e-01
5.208845699753372749e+00 -1.759337719243579123e-01
5.202054505881465118e+00 -1.742348068614973378e-01
5.195263312009556600e+00 -1.724757365946784915e-01
5.188472118137648970e+00 -1.706571702534127877e-01
5.181680924265741339e+00 -1.687797365957418583e-01
5.174889730393832821e+00 -1.668440838007660687e-01
5.168098536521925190e+00 -1.648508792556656333e-01
5.161307342650017560e+00 -1.628008093372701470e-01
5.154516148778109041e+00 -1.606945791882413987e-01
5.147724954906201411e+00 -1.585329124879276685e-01
5.140933761034293781e+00 -1.563165512179480188e-01
5.134142567162385262e+00 -1.540462554225733582e-01
5.127351373290477632e+00 -1.517228029639649256e-01
5.120560179418570002e+00 -1.493469892723302550e-01
5.113768985546661483e+00 -1.469196270910661517e-01
5.106977791674753853e+00 -1.444415462169506281e-01
5.100186597802846222e+00 -1.419135932354467500e-01
5.093395403930937704e+00 -1.393366312511891691e-01
5.086604210059030073e+00 -1.367115396137183470e-01
5.079813016187122443e+00 -1.340392136385261390e-01
5.073021822315213925e+00 -1.313205643234870990e-01
5.066230628443306294e+00 -1.285565180607420033e-01
5.059439434571398664e+00 -1.257480163440983789e-01
5.052648240699490145e+00 -1.228960154720266651e-01
5.045857046827582515e+00 -1.200014862463177623e-01
5.039065852955674885e+00 -1.170654136664722456e-01
5.032274659083766366e+00 -1.140887966198983888e-01
5.025483465211858736e+00 -1.110726475679906372e-01
5.018692271339951105e+00 -1.080179922281574167e-01
5.011901077468042587e+00 -1.049258692518804104e-01
5.005109883596134956e+00 -1.017973298988774922e-01
4.998318689724227326e+00 -9.863343770744092964e-02
4.991527495852318808e+00 -9.543526816103571619e-02
4.984736301980411177e+00 -9.220390835123164208e-02
4.977945108108503547e+00 -8.894045663704341909e-02
4.971153914236595028e+00 -8.564602230076627520e-02
4.964362720364687398e+00 -8.232172520038208430e-02
4.957571526492779768e+00 -7.896869541861409325e-02
4.950780332620871249e+00 -7.558807290871857876e-02
4.943989138748963619e+00 -7.218100713709223182e-02
4.937197944877055988e+00 -6.874865672277424844e-02
4.930406751005147470e+00 -6.529218907393535831e-02
4.923615557133239840e+00 -6.181278002143424793e-02
4.916824363261332209e+00 -5.831161344952313225e-02
4.910033169389423691e+00 -5.478988092379691310e-02
4.903241975517516060e+00 -5.124878131646959378e-02
4.896450781645608430e+00 -4.768952042906123706e-02
4.889659587773699911e+00 -4.411331061259385344e-02
4.882868393901792281e+00 -4.052137038538069364e-02
4.876077200029884651e+00 -3.691492404849706921e-02
4.869286006157977020e+00 -3.329520129903199011e-02
4.862494812286068502e+00 -2.966343684120657104e-02
4.855703618414161760e+00 -2.602086999545833584e-02
4.848912424542252353e+00 -2.236874430557474203e-02
4.842121230670345611e+00 -1.870830714399428218e-02
4.835330036798437092e+00 -1.504080931533643278e-02
4.828538842926529462e+00 -1.136750465829761136e-02
4.821747649054620943e+00 -7.689649645975828174e-03
4.814956455182714201e+00 -4.008502984749348630e-03
4.808165261310804794e+00 -3.253252117879495975e-04
4.801374067438898052e+00 3.358621708676692852e-03
4.794582873566989534e+00 7.042074790254246319e-03
4.787791679695081903e+00 1.072377043033032745e-02
4.781000485823173385e+00 1.440244481696400375e-02
4.774209291951266643e+00 1.807683433661718547e-02
4.767418098079357236e+00 2.174567598263193319e-02
4.760626904207450494e+00 2.540770776432293293e-02
4.753835710335541975e+00 2.906166911661296759e-02
4.747044516463634345e+00 3.270630131006294072e-02
4.740253322591725826e+00 3.634034786122251892e-02
4.733462128719819084e+00 3.996255494316481444e-02
4.726670934847909678e+00 4.357167179611567964e-02
4.719879740976002935e+00 4.716645113803900891e-02
4.713088547104094417e+00 5.074564957510031837e-02
4.706297353232186786e+00 5.430802801185517781e-02
4.699506159360278268e+00 5.785235206108275963e-02
4.692714965488371526e+00 6.137739245312208436e-02
4.685923771616462119e+00 6.488192544461714173e-02
4.679132577744555377e+00 6.836473322652635021e-02
4.672341383872646858e+00 7.182460433131336586e-02
4.665550190000739228e+00 7.526033403916124187e-02
4.658758996128830709e+00 7.867072478312422956e-02
4.651967802256923967e+00 8.205458655307126814e-02
4.645176608385014561e+00 8.541073729832009132e-02
4.638385414513107818e+00 8.873800332881605357e-02
4.631594220641199300e+00 9.203521971476404107e-02
4.624803026769291669e+00 9.530123068455448321e-02
4.618011832897383151e+00 9.853489002089103888e-02
4.611220639025476409e+00 1.017350614549704935e-01
4.604429445153567890e+00 1.049006190586091875e-01
4.597638251281660260e+00 1.080304476341693160e-01
4.590847057409751741e+00 1.111234431021795588e-01
4.584055863537844111e+00 1.141785128865041438e-01
4.577264669665935592e+00 1.171945762969471144e-01
4.570473475794028850e+00 1.201705649091501099e-01
4.563682281922120332e+00 1.231054229416704282e-01
4.556891088050212701e+00 1.259981076300906999e-01
4.550099894178304183e+00 1.288475895980517039e-01
4.543308700306396553e+00 1.316528532250598738e-01
4.536517506434488034e+00 1.344128970109536303e-01
4.529726312562581292e+00 1.371267339368860416e-01
4.522935118690672773e+00 1.397933918227057537e-01
4.516143924818765143e+00 1.424119136805899188e-01
4.509352730946856624e+00 1.449813580648150191e-01
4.502561537074948994e+00 1.475007994175196735e-01
4.495770343203040476e+00 1.499693284103397473e-01
4.488979149331133733e+00 1.523860522817748753e-01
4.482187955459225215e+00 1.547500951701661354e-01
4.475396761587317584e+00 1.570605984421402646e-01
4.468605567715409066e+00 1.593167210164053438e-01
4.461814373843501436e+00 1.615176396827533722e-01
4.455023179971593805e+00 1.636625494161495775e-01
4.448231986099686175e+00 1.657506636857723759e-01
4.441440792227777656e+00 1.677812147588777780e-01
4.434649598355870026e+00 1.697534539993564573e-01
4.427858404483962396e+00 1.716666521608596341e-01
4.421067210612053877e+00 1.735200996743600232e-01
4.414276016740146247e+00 1.753131069300236100e-01
4.407484822868238616e+00 1.770450045532671879e-01
4.400693628996330098e+00 1.787151436748722622e-01
4.393902435124422468e+00 1.803228961950312514e-01
4.387111241252514837e+00 1.818676550412055559e-01
4.380320047380606319e+00 1.833488344196666786e-01
4.373528853508698688e+00 1.847658700606015225e-01
4.366737659636791058e+00 1.861182194566619874e-01
4.359946465764882539e+00 1.874053620948359922e-01
4.353155271892974909e+00 1.886267996815225445e-01
4.346364078021067279e+00 1.897820563606959776e-01
4.339572884149158760e+00 1.908706789250394220e-01
4.332781690277251130e+00 1.918922370199361016e-01
4.325990496405343499e+00 1.928463233402052113e-01
4.319199302533435869e+00 1.937325538194703267e-01
4.312408108661527351e+00 1.945505678120514059e-01
4.305616914789619720e+00 1.953000282672723298e-01
4.298825720917712090e+00 1.959806218960793711e-01
4.292034527045803571e+00 1.965920593298647878e-01
4.285243333173895941e+00 1.971340752713948430e-01
4.278452139301988311e+00 1.976064286377424428e-01
4.271660945430079792e+00 1.980089026951261932e-01
4.264869751558172162e+00 1.983413051855604792e-01
4.258078557686264531e+00 1.986034684452242516e-01
4.251287363814356013e+00 1.987952495144566512e-01
4.244496169942448383e+00 1.989165302392922052e-01
4.237704976070540752e+00 1.989672173644493058e-01
4.230913782198632234e+00 1.989472426176895348e-01
4.224122588326724603e+00 1.988565627854665119e-01
4.217331394454816973e+00 1.986951597797879665e-01
4.210540200582908454e+00 1.984630406962150373e-01
4.203749006711000824e+00 1.981602378629285233e-01
4.196957812839093194e+00 1.977868088807917535e-01
4.190166618967184675e+00 1.973428366543457102e-01
4.183375425095277045e+00 1.968284294136733448e-01
4.176584231223369414e+00 1.962437207270735784e-01
4.169793037351460896e+00 1.955888695044901149e-01
4.163001843479553266e+00 1.948640599916414695e-01
4.156210649607645635e+00 1.940695017548031420e-01
4.149419455735737117e+00 1.932054296561969142e-01
4.142628261863829486e+00 1.922721038199463051e-01
4.135837067991921856e+00 1.912698095885560501e-01
4.129045874120013337e+00 1.901988574698862400e-01
4.122254680248105707e+00 1.890595830745864792e-01
4.115463486376198077e+00 1.878523470439642518e-01
4.108672292504289558e+00 1.865775349682646800e-01
4.101881098632381928e+00 1.852355572953439111e-01
4.095089904760474298e+00 1.838268492297170653e-01
4.088298710888565779e+00 1.823518706219746655e-01
4.081507517016658149e+00 1.808111058485583622e-01
4.074716323144750518e+00 1.792050636818923182e-01
4.067925129272842000e+00 1.775342771508743311e-01
4.061133935400934369e+00 1.757993033917322201e-01
4.054342741529026739e+00 1.740007234892528842e-01
4.047551547657118221e+00 1.721391423084024930e-01
4.040760353785210590e+00 1.702151883163564028e-01
4.033969159913302960e+00 1.682295133949585630e-01
4.027177966041394441e+00 1.661827926436434677e-01
4.020386772169487699e+00 1.640757241728517668e-01
4.013595578297579181e+00 1.619090288879720674e-01
4.006804384425671550e+00 1.596834502638614650e-01
4.000013190553763032e+00 1.573997541099775299e-01
3.993221996681855845e+00 1.550587283261855576e-01
3.986430802809947327e+00 1.526611826492863533e-01
3.979639608938040141e+00 1.502079483903349666e-01
3.972848415066131178e+00 1.476998781628039159e-01
3.966057221194223992e+00 1.451378456016754193e-01
3.959266027322315473e+00 1.425227450735190582e-01
3.952474833450408287e+00 1.398554913776541841e-01
3.945683639578499768e+00 1.371370194384619601e-01
3.938892445706592582e+00 1.343682839889529523e-01
3.932101251834683620e+00 1.315502592456674613e-01
3.925310057962776433e+00 1.286839385750244980e-01
3.918518864090867915e+00 1.257703341512013684e-01
3.911727670218960728e+00 1.228104766056751784e-01
3.904936476347052210e+00 1.198054146685144927e-01
3.898145282475145024e+00 1.167562148015606760e-01
3.891354088603236061e+00 1.136639608235995857e-01
3.884562894731328875e+00 1.105297535276695831e-01
3.877771700859420356e+00 1.073547102906167172e-01
3.870980506987513170e+00 1.041399646750523766e-01
3.864189313115604651e+00 1.008866660238338375e-01
3.857398119243697465e+00 9.759597904723091299e-02
3.850606925371788503e+00 9.426908340290676702e-02
3.843815731499881760e+00 9.090717326888925198e-02
3.837024537627972798e+00 8.751145690966322110e-02
3.830233343756065612e+00 8.408315623557546803e-02
3.823442149884157093e+00 8.062350635568646395e-02
3.816650956012249907e+00 7.713375512426812186e-02
3.809859762140341388e+00 7.361516268109610794e-02
3.803068568268434202e+00 7.006900098573734526e-02
3.796277374396525239e+00 6.649655334599138823e-02
3.789486180524618053e+00 6.289911394069666595e-02
3.782694986652709535e+00 5.927798733706268752e-02
3.775903792780802348e+00 5.563448800275103134e-02
3.769112598908893830e+00 5.196993981287301168e-02
3.762321405036986643e+00 4.828567555213073015e-02
3.755530211165077681e+00 4.458303641227917558e-02
3.748739017293170495e+00 4.086337148514340711e-02
3.741947823421261976e+00 3.712803725137120425e-02
3.735156629549354790e+00 3.337839706516460003e-02
3.728365435677446271e+00 2.961582063517848029e-02
3.721574241805539085e+00 2.584168350182977636e-02
3.714783047933630122e+00 2.205736651121581460e-02
3.707991854061722936e+00 1.826425528589092906e-02
3.701200660189814418e+00 1.446373969270037252e-02
3.694409466317907231e+00 1.065721330793087396e-02
3.687618272445998713e+00 6.846072879980069636e-03
3.680827078574091527e+00 3.031717789806098740e-03
3.674035884702182564e+00 -7.844504906325822091e-04
3.667244690830275378e+00 -4.601028941684071061e-03
3.660453496958366859e+00 -8.416613540843553842e-03
3.653662303086459673e+00 -1.222979980885841034e-02
3.646871109214551154e+00 -1.603918335688253594e-02
3.640079915342643968e+00 -1.984336043441045638e-02
3.633288721470735005e+00 -2.364092847776971817e-02
3.626497527598827819e+00 -2.743048665890110427e-02
3.619706333726919301e+00 -3.121063643420532441e-02
3.612915139855012114e+00 -3.497998209318062268e-02
3.606123945983104040e+00 -3.873713130662895243e-02
3.599332752111196410e+00 -4.248069567415801995e-02
3.592541558239288335e+00 -4.620929127074802079e-02
3.585750364367380261e+00 -4.992153919212094504e-02
3.578959170495472630e+00 -5.361606609866836903e-02
3.572167976623564556e+00 -5.729150475768787776e-02
3.565376782751656481e+00 -6.094649458367351613e-02
3.558585588879748851e+00 -6.457968217641785191e-02
3.551794395007840777e+00 -6.818972185667268593e-02
3.545003201135933146e+00 -7.177527619911971968e-02
3.538212007264025072e+00 -7.533501656240876310e-02
3.531420813392116997e+00 -7.886762361601101778e-02
3.524629619520209367e+00 -8.237178786364768301e-02
3.517838425648301293e+00 -8.584621016304794239e-02
3.511047231776393218e+00 -8.928960224179277594e-02
3.504256037904485588e+00 -9.270068720900676018e-02
3.497464844032577513e+00 -9.607820006265818669e-02
3.490673650160669439e+00 -9.942088819222699714e-02
3.483882456288761809e+00 -1.027275118765116346e-01
3.477091262416853734e+00 -1.059968447763374455e-01
3.470300068544945660e+00 -1.092276744219370377e-01
3.463508874673038029e+00 -1.124188026947762764e-01
3.456717680801129955e+00 -1.155690463035996540e-01
3.449926486929221880e+00 -1.186772372544709908e-01
3.443135293057314250e+00 -1.217422233145925015e-01
3.436344099185406176e+00 -1.247628684696847068e-01
3.429552905313498101e+00 -1.277380533747116687e-01
3.422761711441590471e+00 -1.306666757977446858e-01
3.415970517569682396e+00 -1.335476510567565889e-01
3.409179323697774322e+00 -1.363799124491414105e-01
3.402388129825866692e+00 -1.391624116737638084e-01
