2.313892717829164669e-317 1.419573127423834069e-01
6.791193871907917450e-03 1.392222771666186965e-01
1.358238774381583490e-02 1.364363532417047220e-01
2.037358161572375148e-02 1.336005733770309067e-01
2.716477548763166980e-02 1.307159888707291606e-01
3.395596935953958811e-02 1.277836694931355210e-01
4.074716323144750296e-02 1.248047030625347165e-01
4.753835710335542475e-02 1.217801950133859112e-01
5.432955097526333960e-02 1.187112679572293605e-01
6.112074484717125444e-02 1.155990612364796444e-01
6.791193871907917623e-02 1.124447304713133422e-01
7.470313259098709802e-02 1.092494470998629646e-01
8.149432646289500592e-02 1.060143979119327201e-01
8.828552033480292771e-02 1.027407845764535255e-01
9.507671420671084950e-02 9.942982316289994404e-02
1.018679080786187574e-01 9.608274365689231655e-02
1.086591019505266792e-01 9.270078947021166693e-02
1.154502958224346010e-01 8.928521694545762943e-02
1.222414896943425089e-01 8.583729485558048988e-02
1.290326835662504168e-01 8.235830389852343003e-02
1.358238774381583525e-01 7.884953618721093904e-02
1.426150713100662604e-01 7.531229473512249251e-02
1.494062651819741960e-01 7.174789293769245901e-02
1.561974590538820762e-01 6.815765404977899844e-02
1.629886529257900118e-01 6.454291065944579853e-02
1.697798467976979198e-01 6.090500415830280012e-02
1.765710406696058554e-01 5.724528420865253320e-02
1.833622345415137633e-01 5.356510820769037895e-02
1.901534284134216990e-01 4.986584074900811403e-02
1.969446222853295791e-01 4.614885308165034977e-02
2.037358161572375148e-01 4.241552256697485312e-02
2.105270100291454227e-01 3.866723213356813849e-02
2.173182039010533584e-01 3.490536973046760860e-02
2.241093977729612663e-01 3.113132777894227210e-02
2.309005916448692020e-01 2.734650262308412072e-02
2.376917855167771099e-01 2.355229397946194403e-02
2.444829793886850178e-01 1.975010438608934549e-02
2.512741732605929257e-01 1.594133865095800212e-02
2.580653671325008336e-01 1.212740330038733494e-02
2.648565610044087970e-01 8.309706027440348641e-03
2.716477548763167049e-01 4.489655140655399168e-03
2.784389487482246128e-01 6.686590133414549442e-04
2.852301426201325207e-01 -3.151874466315256196e-03
2.920213364920404842e-01 -6.970538444087098773e-03
2.988125303639483921e-01 -1.078592764723960290e-02
3.056037242358562445e-01 -1.459663893052104422e-02
3.123949181077641524e-01 -1.840127182036584846e-02
3.191861119796721158e-01 -2.219842905707202635e-02
3.259773058515800237e-01 -2.598671713471526618e-02
3.327684997234879316e-01 -2.976474683856410869e-02
3.395596935953958395e-01 -3.353113377976268961e-02
3.463508874673038029e-01 -3.728449892704965851e-02
3.531420813392117108e-01 -4.102346913528528982e-02
3.599332752111196188e-01 -4.474667767056035583e-02
3.667244690830275267e-01 -4.845276473166344744e-02
3.735156629549354901e-01 -5.214037796768605793e-02
3.803068568268433980e-01 -5.580817299154804817e-02
3.870980506987513059e-01 -5.945481388922871369e-02
3.938892445706591583e-01 -6.307897372449183804e-02
4.006804384425671217e-01 -6.667933503889700297e-02
4.074716323144750296e-01 -7.025459034689109095e-02
4.142628261863829375e-01 -7.380344262578000802e-02
4.210540200582908454e-01 -7.732460580038166831e-02
4.278452139301988089e-01 -8.081680522216599938e-02
4.346364078021067168e-01 -8.427877814269174594e-02
4.414276016740146247e-01 -8.770927418115292973e-02
4.482187955459225326e-01 -9.110705578585218123e-02
4.550099894178304405e-01 -9.447089868942179502e-02
4.618011832897384039e-01 -9.779959235761793990e-02
4.685923771616463118e-01 -1.010919404315164527e-01
4.753835710335542197e-01 -1.043467611629443903e-01
4.821747649054620721e-01 -1.075628878429842616e-01
4.889659587773700355e-01 -1.107391692233930525e-01
4.957571526492779435e-01 -1.138744699307819852e-01
5.025483465211858514e-01 -1.169676708734082166e-01
5.093395403930938148e-01 -1.200176696404324783e-01
5.161307342650016672e-01 -1.230233808935034950e-01
5.229219281369096306e-01 -1.259837367505321770e-01
5.297131220088175940e-01 -1.288976871615246655e-01
5.365043158807254464e-01 -1.317642002763476372e-01
5.432955097526334098e-01 -1.345822628043041314e-01
5.500867036245412622e-01 -1.373508803654011901e-01
5.568778974964492257e-01 -1.400690778331984132e-01
5.636690913683571891e-01 -1.427358996691279747e-01
5.704602852402650415e-01 -1.453504102481835147e-01
5.772514791121730049e-01 -1.479116941758801540e-01
5.840426729840809683e-01 -1.504188565963900104e-01
5.908338668559888207e-01 -1.528710234917665667e-01
5.976250607278967841e-01 -1.552673419721720127e-01
6.044162545998046365e-01 -1.576069805570287641e-01
6.112074484717124889e-01 -1.598891294470213553e-01
6.179986423436204523e-01 -1.621130007868772926e-01
6.247898362155283047e-01 -1.642778289188630836e-01
6.315810300874362682e-01 -1.663828706269349367e-01
6.383722239593442316e-01 -1.684274053714878427e-01
6.451634178312520840e-01 -1.704107355146531333e-01
6.519546117031600474e-01 -1.723321865360977756e-01
6.587458055750678998e-01 -1.741911072392839654e-01
6.655369994469758632e-01 -1.759868699481524357e-01
6.723281933188838266e-01 -1.777188706941967844e-01
6.791193871907916790e-01 -1.793865293939019279e-01
6.859105810626996425e-01 -1.809892900165230578e-01
6.927017749346076059e-01 -1.825266207421858966e-01
6.994929688065154583e-01 -1.839980141102961486e-01
7.062841626784234217e-01 -1.854029871582460465e-01
7.130753565503312741e-01 -1.867410815504145227e-01
7.198665504222392375e-01 -1.880118636974588975e-01
7.266577442941472009e-01 -1.892149248659024674e-01
7.334489381660550533e-01 -1.903498812780243243e-01
7.402401320379630167e-01 -1.914163742020644488e-01
7.470313259098709802e-01 -1.924140700327589271e-01
7.538225197817788326e-01 -1.933426603622257767e-01
7.606137136536867960e-01 -1.942018620412254426e-01
7.674049075255946484e-01 -1.949914172308235549e-01
7.741961013975026118e-01 -1.957110934444877548e-01
7.809872952694105752e-01 -1.963606835806545603e-01
7.877784891413183166e-01 -1.969400059458057406e-01
7.945696830132262800e-01 -1.974489042680960815e-01
8.013608768851342434e-01 -1.978872477015816422e-01
8.081520707570420958e-01 -1.982549308210960204e-01
8.149432646289500592e-01 -1.985518736078303870e-01
8.217344585008579116e-01 -1.987780214256736344e-01
8.285256523727658751e-01 -1.989333449883733396e-01
8.353168462446738385e-01 -1.990178403175810740e-01
8.421080401165816909e-01 -1.990315286918491466e-01
8.488992339884896543e-01 -1.989744565866495563e-01
8.556904278603976177e-01 -1.988466956054865120e-01
8.624816217323054701e-01 -1.986483424021807109e-01
8.692728156042134335e-01 -1.983795185944027539e-01
8.760640094761212859e-01 -1.980403706685382459e-01
8.828552033480292494e-01 -1.976310698759688456e-01
8.896463972199372128e-01 -1.971518121208563623e-01
8.964375910918450652e-01 -1.966028178395198833e-01
9.032287849637530286e-01 -1.959843318714975524e-01
9.100199788356608810e-01 -1.952966233223886183e-01
9.168111727075688444e-01 -1.945399854185714539e-01
9.236023665794768078e-01 -1.937147353538977435e-01
9.303935604513846602e-01 -1.928212141284638137e-01
9.371847543232926236e-01 -1.918597863795629133e-01
9.439759481952005871e-01 -1.908308402049230246e-01
9.507671420671084395e-01 -1.897347869783388430e-01
9.575583359390162919e-01 -1.885720611578063921e-01
9.643495298109241443e-01 -1.873431200862719637e-01
9.711407236828321077e-01 -1.860484437851069872e-01
9.779319175547400711e-01 -1.846885347404251254e-01
9.847231114266479235e-01 -1.832639176823560034e-01
9.915143052985558869e-01 -1.817751393573926733e-01
9.983054991704638503e-01 -1.802227682939342712e-01
1.005096693042371703e+00 -1.786073945611406089e-01
1.011887886914279555e+00 -1.769296295212222092e-01
1.018679080786187630e+00 -1.751901055752883019e-01
1.025470274658095704e+00 -1.733894759028756782e-01
1.032261468530003334e+00 -1.715284141952835850e-01
1.039052662401911409e+00 -1.696076143828401939e-01
1.045843856273819261e+00 -1.676277903562278793e-01
1.052635050145727114e+00 -1.655896756819935645e-01
1.059426244017635188e+00 -1.634940233123733377e-01
1.066217437889542818e+00 -1.613416052895604580e-01
1.073008631761450893e+00 -1.591332124445438145e-01
1.079799825633358745e+00 -1.568696540906518166e-01
1.086591019505266820e+00 -1.545517577119261687e-01
1.093382213377174672e+00 -1.521803686464621719e-01
1.100173407249082524e+00 -1.497563497648430053e-01
1.106964601120990377e+00 -1.472805811438017698e-01
1.113755794992898451e+00 -1.447539597352431873e-01
1.120546988864806304e+00 -1.421773990307561852e-01
1.127338182736714378e+00 -1.395518287217502595e-01
1.134129376608622231e+00 -1.368781943553493419e-01
1.140920570480530083e+00 -1.341574569861727351e-01
1.147711764352437935e+00 -1.313905928241389520e-01
1.154502958224346010e+00 -1.285785928784228538e-01
1.161294152096253862e+00 -1.257224625976991195e-01
1.168085345968161937e+00 -1.228232215068041366e-01
1.174876539840069567e+00 -1.198819028399487063e-01
1.181667733711977641e+00 -1.168995531706122359e-01
1.188458927583885494e+00 -1.138772320382524794e-01
1.195250121455793568e+00 -1.108160115719580840e-01
1.202041315327701421e+00 -1.077169761111792523e-01
1.208832509199609273e+00 -1.045812218236628066e-01
1.215623703071517125e+00 -1.014098563207248560e-01
1.222414896943424978e+00 -9.820399826998893467e-02
1.229206090815333052e+00 -9.496477700571850922e-02
1.235997284687240905e+00 -9.169333213687394513e-02
1.242788478559148979e+00 -8.839081315301905439e-02
1.249579672431056609e+00 -8.505837902820825858e-02
1.256370866302964684e+00 -8.169719782297615862e-02
1.263162060174872536e+00 -7.830844628456171130e-02
1.269953254046780611e+00 -7.489330944548580615e-02
1.276744447918688463e+00 -7.145298022061186138e-02
1.283535641790596316e+00 -6.798865900281061969e-02
1.290326835662504168e+00 -6.450155325735293377e-02
1.297118029534412242e+00 -6.099287711515349875e-02
1.303909223406320095e+00 -5.746385096498643485e-02
1.310700417278228169e+00 -5.391570104479237457e-02
1.317491611150135800e+00 -5.034965903220012251e-02
1.324282805022043874e+00 -4.676696163437749076e-02
1.331073998893951726e+00 -4.316885017733396168e-02
1.337865192765859801e+00 -3.955657019478869829e-02
1.344656386637767653e+00 -3.593137101672286282e-02
1.351447580509675728e+00 -3.229450535772973585e-02
1.358238774381583358e+00 -2.864722890527951482e-02
1.365029968253491433e+00 -2.499079990800884277e-02
1.371821162125399285e+00 -2.132647876415308397e-02
1.378612355997307359e+00 -1.765552761022651240e-02
1.385403549869215212e+00 -1.397920991006726399e-02
1.392194743741122842e+00 -1.029879004435285683e-02
1.398985937613030917e+00 -6.615532900695886287e-03
1.405777131484938769e+00 -2.930703464431194671e-03
1.412568325356846843e+00 7.544335898050924527e-04
1.419359519228754696e+00 4.438614305592059051e-03
1.426150713100662548e+00 8.120575851235545262e-03
1.432941906972570401e+00 1.179905692516880489e-02
1.439733100844478475e+00 1.547279816013924503e-02
1.446524294716386327e+00 1.914054252607991224e-02
1.453315488588294402e+00 2.280103573156461172e-02
1.460106682460202032e+00 2.645302662374529601e-02
1.466897876332110107e+00 3.009526758667530055e-02
1.473689070204017959e+00 3.372651493791617439e-02
1.480480264075926033e+00 3.734552932333515263e-02
1.487271457947833886e+00 4.095107610999410008e-02
1.494062651819741960e+00 4.454192577703622313e-02
1.500853845691649591e+00 4.811685430447487644e-02
1.507645039563557665e+00 5.167464355979281554e-02
1.514436233435465518e+00 5.521408168225686031e-02
1.521227427307373592e+00 5.873396346485976194e-02
1.528018621179281444e+00 6.223309073379504341e-02
1.534809815051189297e+00 6.571027272537874331e-02
1.541601008923097149e+00 6.916432646032588671e-02
1.548392202795005224e+00 7.259407711529594631e-02
1.555183396666913076e+00 7.599835839161961371e-02
1.561974590538821150e+00 7.937601288112122733e-02
1.568765784410728781e+00 8.272589242895037054e-02
1.575556978282636633e+00 8.604685849334042791e-02
1.582348172154544708e+00 8.933778250220775208e-02
1.589139366026452560e+00 9.259754620651081125e-02
1.595930559898360634e+00 9.582504203028868739e-02
1.602721753770268487e+00 9.901917341729318811e-02
1.609512947642176339e+00 1.021788551741402984e-01
1.616304141514084192e+00 1.053030138098976498e-01
1.623095335385992266e+00 1.083905878720306248e-01
1.629886529257900118e+00 1.114405282786296858e-01
1.636677723129808193e+00 1.144517986468423787e-01
1.643468917001715823e+00 1.174233756174319077e-01
1.650260110873623898e+00 1.203542491753905874e-01
1.657051304745531750e+00 1.232434229665286818e-01
1.663842498617439825e+00 1.260899146099698498e-01
1.670633692489347677e+00 1.288927560064761779e-01
1.677424886361255529e+00 1.316509936425334648e-01
1.684216080233163382e+00 1.343636888901227899e-01
1.691007274105071456e+00 1.370299183021097267e-01
1.697798467976979309e+00 1.396487739031787578e-01
1.704589661848887383e+00 1.422193634762466408e-01
1.711380855720795235e+00 1.447408108442828634e-01
1.718172049592703088e+00 1.472122561474719926e-01
1.724963243464610940e+00 1.496328561156485271e-01
1.731754437336519015e+00 1.520017843359399712e-01
1.738545631208426867e+00 1.543182315155506024e-01
1.745336825080334719e+00 1.565814057396222037e-01
1.752128018952242572e+00 1.587905327241063702e-01
1.758919212824150424e+00 1.609448560635860781e-01
1.765710406696058499e+00 1.630436374739821503e-01
1.772501600567966351e+00 1.650861570300836689e-01
1.779292794439874426e+00 1.670717133978408264e-01
1.786083988311782056e+00 1.689996240613581002e-01
1.792875182183690130e+00 1.708692255445300456e-01
1.799666376055597983e+00 1.726798736272578960e-01
1.806457569927506057e+00 1.744309435561902932e-01
1.813248763799413910e+00 1.761218302499293897e-01
1.820039957671321762e+00 1.777519484986459231e-01
1.826831151543229614e+00 1.793207331580455588e-01
1.833622345415137689e+00 1.808276393376323787e-01
1.840413539287045541e+00 1.822721425832133924e-01
1.847204733158953616e+00 1.836537390535918912e-01
1.853995927030861468e+00 1.849719456913926918e-01
1.860787120902769320e+00 1.862263003879713608e-01
1.867578314774677173e+00 1.874163621423515780e-01
1.874369508646585247e+00 1.885417112141419271e-01
1.881160702518493100e+00 1.896019492703814868e-01
1.887951896390401174e+00 1.905966995262646790e-01
1.894743090262308804e+00 1.915256068796964972e-01
1.901534284134216879e+00 1.923883380396319009e-01
1.908325478006124731e+00 1.931845816481503331e-01
1.915116671878032584e+00 1.939140483962219774e-01
1.921907865749940658e+00 1.945764711331188501e-01
1.928699059621848289e+00 1.951716049694273980e-01
1.935490253493756363e+00 1.956992273736196664e-01
1.942281447365664215e+00 1.961591382621403201e-01
1.949072641237572290e+00 1.965511600829688565e-01
1.955863835109480142e+00 1.968751378926160145e-01
1.962655028981388217e+00 1.971309394265167159e-01
1.969446222853295847e+00 1.973184551627789607e-01
1.976237416725203921e+00 1.974375983792541756e-01
1.983028610597111774e+00 1.974883052038912679e-01
1.989819804469019848e+00 1.974705346583396359e-01
1.996610998340927701e+00 1.973842686947687441e-01
2.003402192212835775e+00 1.972295122258699018e-01
2.010193386084743405e+00 1.970062931480095203e-01
2.016984579956651480e+00 1.967146623575038999e-01
2.023775773828559110e+00 1.963546937599866538e-01
2.030566967700467185e+00 1.959264842728399847e-01
2.037358161572375259e+00 1.954301538206648925e-01
2.044149355444283334e+00 1.948658453237640809e-01
2.050940549316191408e+00 1.942337246796145001e-01
2.057731743188098594e+00 1.935339807373066268e-01
2.064522937060006669e+00 1.927668252649298863e-01
2.071314130931914743e+00 1.919324929098853438e-01
2.078105324803822818e+00 1.910312411521061238e-01
2.084896518675730448e+00 1.900633502501706540e-01
2.091687712547638522e+00 1.890291231802923022e-01
2.098478906419546597e+00 1.879288855681741366e-01
2.105270100291454227e+00 1.867629856137143773e-01
2.112061294163362302e+00 1.855317940085547401e-01
2.118852488035270376e+00 1.842357038464618735e-01
2.125643681907178451e+00 1.828751305265360338e-01
2.132434875779085637e+00 1.814505116492413084e-01
2.139226069650993711e+00 1.799623069052539159e-01
2.146017263522901786e+00 1.784109979571298910e-01
2.152808457394809860e+00 1.767970883137878757e-01
2.159599651266717490e+00 1.751211031978145150e-01
2.166390845138625565e+00 1.733835894055923144e-01
2.173182039010533639e+00 1.715851151602600655e-01
2.179973232882441714e+00 1.697262699575110834e-01
2.186764426754349344e+00 1.678076644042414967e-01
2.193555620626257419e+00 1.658299300500591933e-01
2.200346814498165049e+00 1.637937192116708240e-01
2.207138008370073123e+00 1.616997047901591600e-01
2.213929202241980754e+00 1.595485800811742017e-01
2.220720396113888828e+00 1.573410585780546378e-01
2.227511589985796903e+00 1.550778737679071040e-01
2.234302783857704977e+00 1.527597789206650569e-01
2.241093977729612607e+00 1.503875468711573793e-01
2.247885171601520682e+00 1.479619697942151091e-01
2.254676365473428756e+00 1.454838589728514875e-01
2.261467559345336387e+00 1.429540445595468279e-01
2.268258753217244461e+00 1.403733753306777299e-01
2.275049947089152091e+00 1.377427184341305511e-01
2.281841140961060166e+00 1.350629591301394650e-01
2.288632334832967796e+00 1.323350005253967898e-01
2.295423528704875871e+00 1.295597633004798854e-01
2.302214722576783945e+00 1.267381854306475208e-01
2.309005916448692020e+00 1.238712219000558112e-01
2.315797110320599650e+00 1.209598444094504704e-01
2.322588304192507724e+00 1.180050410773920283e-01
2.329379498064415799e+00 1.150078161350766848e-01
2.336170691936323873e+00 1.119691896148129473e-01
2.342961885808231060e+00 1.088901970322231488e-01
2.349753079680139134e+00 1.057718890622342256e-01
2.356544273552047208e+00 1.026153312089369968e-01
2.363335467423955283e+00 9.942160346937832516e-02
2.370126661295862913e+00 9.619179999137104919e-02
2.376917855167770988e+00 9.292702872539691794e-02
2.383709049039679062e+00 8.962841107068882096e-02
2.390500242911587137e+00 8.629708151557477502e-02
2.397291436783494767e+00 8.293418727217347075e-02
2.404082630655402841e+00 7.954088790553195953e-02
2.410873824527310916e+00 7.611835495730212564e-02
2.417665018399218546e+00 7.266777156404882754e-02
2.424456212271126176e+00 6.919033207029209875e-02
2.431247406143034251e+00 6.568724163638658964e-02
2.438038600014942325e+00 6.215971584134329792e-02
2.444829793886849956e+00 5.860898028070078702e-02
2.451620987758758030e+00 5.503627015955855212e-02
2.458412181630666105e+00 5.144282988088858671e-02
2.465203375502574179e+00 4.782991262923823317e-02
2.471994569374481809e+00 4.419877994994814152e-02
2.478785763246389884e+00 4.055070132400495631e-02
2.485576957118297958e+00 3.688695373865886334e-02
2.492368150990205589e+00 3.320882125392930762e-02
2.499159344862113219e+00 2.951759456513349672e-02
2.505950538734021293e+00 2.581457056157141633e-02
2.512741732605929368e+00 2.210105188150433136e-02
2.519532926477837442e+00 1.837834646356471813e-02
2.526324120349745073e+00 1.464776709474215760e-02
2.533115314221653147e+00 1.091063095508817971e-02
2.539906508093561222e+00 7.168259159291229254e-03
2.546697701965469296e+00 3.421976295267185886e-03
2.553488895837376926e+00 -3.268900400775556769e-04
2.560280089709284557e+00 -4.077009707757733858e-03
2.567071283581192631e+00 -7.827050496135114221e-03
2.573862477453100706e+00 -1.157567859269960364e-02
2.580653671325008336e+00 -1.532155905804354068e-02
2.587444865196916410e+00 -1.906335630186292707e-02
2.594236059068824485e+00 -2.279973456081618027e-02
2.601027252940732559e+00 -2.652935837807443575e-02
2.607818446812640190e+00 -3.025089308438787261e-02
2.614609640684548264e+00 -3.396300528049691486e-02
2.621400834556456338e+00 -3.766436332070695336e-02
2.628192028428363969e+00 -4.135363779745451773e-02
2.634983222300271599e+00 -4.502950202668028201e-02
2.641774416172179674e+00 -4.869063253382693857e-02
2.648565610044087748e+00 -5.233570954027857991e-02
2.655356803915995378e+00 -5.596341745005598695e-02
2.662147997787903453e+00 -5.957244533658019592e-02
2.668939191659811527e+00 -6.316148742931233795e-02
2.675730385531719602e+00 -6.672924360008296307e-02
2.682521579403627232e+00 -7.027441984891548421e-02
2.689312773275535307e+00 -7.379572878915233169e-02
2.696103967147443381e+00 -7.729189013168524802e-02
2.702895161019351455e+00 -8.076163116809767506e-02
2.709686354891258642e+00 -8.420368725251883846e-02
2.716477548763166716e+00 -8.761680228199400511e-02
2.723268742635074791e+00 -9.099972917516539750e-02
2.730059936506982865e+00 -9.435123034907230699e-02
2.736851130378890495e+00 -9.767007819386207268e-02
2.743642324250798570e+00 -1.009550555452147919e-01
2.750433518122706644e+00 -1.042049561542754410e-01
2.757224711994614719e+00 -1.074185851548952325e-01
2.764015905866522349e+00 -1.105947595279757334e-01
2.770807099738430423e+00 -1.137323085627147540e-01
2.777598293610338054e+00 -1.168300743145474913e-01
2.784389487482245684e+00 -1.198869120595842663e-01
2.791180681354153759e+00 -1.229016907453364671e-01
2.797971875226061833e+00 -1.258732934375303147e-01
2.804763069097969908e+00 -1.288006177628059079e-01
2.811554262969877538e+00 -1.316825763470970967e-01
2.818345456841785612e+00 -1.345180972494925964e-01
2.825136650713693687e+00 -1.373061243913738516e-01
2.831927844585601761e+00 -1.400456179806331969e-01
2.838719038457509392e+00 -1.427355549307696425e-01
2.845510232329417466e+00 -1.453749292746649435e-01
2.852301426201325096e+00 -1.479627525728415827e-01
2.859092620073233171e+00 -1.504980543160084339e-01
2.865883813945140801e+00 -1.529798823216961534e-01
2.872675007817048876e+00 -1.554073031247925341e-01
2.879466201688956950e+00 -1.577794023617823393e-01
2.886257395560865024e+00 -1.600952851485049344e-01
2.893048589432772655e+00 -1.623540764512394485e-01
2.899839783304680729e+00 -1.645549214509325897e-01
2.906630977176588804e+00 -1.666969859003831211e-01
2.913422171048496878e+00 -1.687794564742040315e-01
2.920213364920404064e+00 -1.708015411113802950e-01
2.927004558792312139e+00 -1.727624693502478603e-01
2.933795752664220213e+00 -1.746614926557151226e-01
2.940586946536128288e+00 -1.764978847385609839e-01
2.947378140408035918e+00 -1.782709418666360013e-01
2.954169334279943993e+00 -1.799799831678031425e-01
2.960960528151852067e+00 -1.816243509244539200e-01
2.967751722023759697e+00 -1.832034108594414179e-01
2.974542915895667772e+00 -1.847165524132737824e-01
2.981334109767575846e+00 -1.861631890124141597e-01
2.988125303639483921e+00 -1.875427583285392552e-01
2.994916497511391107e+00 -1.888547225286096587e-01
3.001707691383299181e+00 -1.900985685156114380e-01
3.008498885255207256e+00 -1.912738081598280848e-01
3.015290079127115330e+00 -1.923799785205129731e-01
3.022081272999022961e+00 -1.934166420578284362e-01
3.028872466870931035e+00 -1.943833868349281457e-01
3.035663660742839109e+00 -1.952798267100595009e-01
3.042454854614747184e+00 -1.961056015185712043e-01
3.049246048486654814e+00 -1.968603772447108380e-01
3.056037242358562889e+00 -1.975438461831066084e-01
3.062828436230470963e+00 -1.981557270898278433e-01
3.069619630102378594e+00 -1.986957653229280141e-01
3.076410823974286224e+00 -1.991637329723742189e-01
3.083202017846194298e+00 -1.995594289792762543e-01
3.089993211718102373e+00 -1.998826792443295086e-01
3.096784405590010447e+00 -2.001333367253952944e-01
3.103575599461918078e+00 -2.003112815241432365e-01
3.110366793333826152e+00 -2.004164209616880465e-01
3.117157987205734226e+00 -2.004486896431581788e-01
3.123949181077642301e+00 -2.004080495111377758e-01
3.130740374949549931e+00 -2.002944898879310265e-01
3.137531568821457562e+00 -2.001080275066007830e-01
3.144322762693365636e+00 -1.998487065307417709e-01
3.151113956565273266e+00 -1.995165985629518690e-01
3.157905150437181341e+00 -1.991118026419716469e-01
3.164696344309089415e+00 -1.986344452284691531e-01
3.171487538180997490e+00 -1.980846801794493572e-01
3.178278732052905120e+00 -1.974626887112779228e-01
3.185069925924813194e+00 -1.967686793513103716e-01
3.191861119796721269e+00 -1.960028878781272244e-01
3.198652313668629343e+00 -1.951655772503786967e-01
3.205443507540536974e+00 -1.942570375242501091e-01
3.212234701412444604e+00 -1.932775857595647184e-01
3.219025895284352679e+00 -1.922275659145454285e-01
3.225817089156260753e+00 -1.911073487292660744e-01
3.232608283028168383e+00 -1.899173315978224807e-01
3.239399476900076458e+00 -1.886579384292676465e-01
3.246190670771984532e+00 -1.873296194973544937e-01
3.252981864643892607e+00 -1.859328512791387222e-01
3.259773058515800237e+00 -1.844681362824999171e-01
3.266564252387708311e+00 -1.829360028626432766e-01
3.273355446259616386e+00 -1.813370050276540968e-01
3.280146640131524016e+00 -1.796717222331764563e-01
3.286937834003431647e+00 -1.779407591663006438e-01
3.293729027875339721e+00 -1.761447455187435951e-01
3.300520221747247795e+00 -1.742843357494166245e-01
3.307311415619155426e+00 -1.723602088364772356e-01
3.314102609491063500e+00 -1.703730680189681213e-01
3.320893803362971575e+00 -1.683236405281561543e-01
3.327684997234879649e+00 -1.662126773086806952e-01
3.334476191106787279e+00 -1.640409527296360082e-01
3.341267384978695354e+00 -1.618092642857102414e-01
3.348058578850603428e+00 -1.595184322885146166e-01
3.354849772722511059e+00 -1.571692995482357191e-01
3.361640966594418689e+00 -1.547627310457537209e-01
3.368432160466326764e+00 -1.522996135953738894e-01
3.375223354338234838e+00 -1.497808554983198759e-01
3.382014548210142912e+00 -1.472073861871473488e-01
3.388805742082050543e+00 -1.445801558612372639e-01
3.395596935953958617e+00 -1.419001351135345812e-01
3.402388129825866692e+00 -1.391683145487046247e-01
3.409179323697774766e+00 -1.363857043928783652e-01
3.415970517569682396e+00 -1.335533340951687575e-01
3.422761711441590471e+00 -1.306722519211389044e-01
3.429552905313498101e+00 -1.277435245384135332e-01
3.436344099185406176e+00 -1.247682365946194694e-01
3.443135293057313806e+00 -1.217474902878575294e-01
3.449926486929221880e+00 -1.186824049298987604e-01
3.456717680801129955e+00 -1.155741165023137784e-01
3.463508874673038029e+00 -1.124237772057370133e-01
3.470300068544945660e+00 -1.092325550024796643e-01
3.477091262416853734e+00 -1.060016331527016686e-01
3.483882456288761809e+00 -1.027322097443633953e-01
3.490673650160669439e+00 -9.942549721717186539e-02
3.497464844032577069e+00 -9.608272188074681863e-02
3.504256037904485144e+00 -9.270512342723222221e-02
3.511047231776393218e+00 -8.929395443858051395e-02
3.517838425648300849e+00 -8.585047988873897862e-02
3.524629619520208923e+00 -8.237597664097176531e-02
3.531420813392116997e+00 -7.887173294055474515e-02
3.538212007264025072e+00 -7.533904790307568988e-02
3.545003201135932702e+00 -7.177923099858299349e-02
3.551794395007840777e+00 -6.819360153181952544e-02
3.558585588879748851e+00 -6.458348811879002782e-02
3.565376782751656926e+00 -6.095022815989717402e-02
3.572167976623564112e+00 -5.729516730990022455e-02
3.578959170495472186e+00 -5.361965894493345153e-02
3.585750364367380261e+00 -4.992506362684256960e-02
3.592541558239288335e+00 -4.621274856507487372e-02
3.599332752111195965e+00 -4.248408707638146042e-02
3.606123945983104040e+00 -3.874045804257458814e-02
3.612915139855012114e+00 -3.498324536659525030e-02
3.619706333726920189e+00 -3.121383742713546017e-02
3.626497527598827819e+00 -2.743362653206854462e-02
3.633288721470735894e+00 -2.364400837093552643e-02
3.640079915342643524e+00 -1.984638146674080894e-02
3.646871109214551598e+00 -1.604214662730002461e-02
3.653662303086459229e+00 -1.223270639639639779e-02
3.660453496958367303e+00 -8.419464504986706732e-03
3.667244690830275378e+00 -4.603825322710697332e-03
3.674035884702183008e+00 -7.871933099449224258e-04
3.680827078574091082e+00 3.029027529351635550e-03
3.687618272445999157e+00 6.843434193752995220e-03
3.694409466317907231e+00 1.065462522920618271e-02
3.701200660189814862e+00 1.446120127234948316e-02
3.707991854061722936e+00 1.826176559207193240e-02
3.714783047933630566e+00 2.205492462907415741e-02
3.721574241805538641e+00 2.583928853319866770e-02
3.728365435677446271e+00 2.961347169828959514e-02
3.735156629549354346e+00 3.337609329435803351e-02
3.741947823421262420e+00 3.712577779681525136e-02
3.748739017293170495e+00 4.086115551255423139e-02
3.755530211165078125e+00 4.458086310264988694e-02
3.762321405036986199e+00 4.828354410146026843e-02
3.769112598908894274e+00 5.196784943190482786e-02
3.775903792780802348e+00 5.563243791670949290e-02
3.782694986652709979e+00 5.927597678540075243e-02
3.789486180524617609e+00 6.289714217684166941e-02
3.796277374396525683e+00 6.649461963710109891e-02
3.803068568268433758e+00 7.006710461245313493e-02
3.809859762140341388e+00 7.361330293730769525e-02
3.816650956012249463e+00 7.713193131687545723e-02
3.823442149884157537e+00 8.062171780437152324e-02
3.830233343756065167e+00 8.408140227257210331e-02
3.837024537627973242e+00 8.750973687953697566e-02
3.843815731499881316e+00 9.090548652831451082e-02
3.850606925371789391e+00 9.426742932045467649e-02
3.857398119243696577e+00 9.759435700315241546e-02
3.864189313115604651e+00 1.008850754098566116e-01
3.870980506987512726e+00 1.041384048941706719e-01
3.877771700859420800e+00 1.073531807568935126e-01
3.884562894731328431e+00 1.105282536660351089e-01
3.891354088603236505e+00 1.136624900696599771e-01
3.898145282475144580e+00 1.167547726014030174e-01
3.904936476347052654e+00 1.198040004785216606e-01
3.911727670218960284e+00 1.228090898923381025e-01
3.918518864090868359e+00 1.257689743909398972e-01
3.925310057962776433e+00 1.286826052540057941e-01
3.932101251834684064e+00 1.315489518596327234e-01
3.938892445706591694e+00 1.343670020430425271e-01
3.945683639578499768e+00 1.371357624470488090e-01
3.952474833450407843e+00 1.398542588641734086e-01
3.959266027322315917e+00 1.425215365703068338e-01
3.966057221194223548e+00 1.451366606498056822e-01
3.972848415066131622e+00 1.476987163119324320e-01
3.979639608938039697e+00 1.502068091985411247e-01
3.986430802809947771e+00 1.526600656829231462e-01
3.993221996681855401e+00 1.550576331597263158e-01
4.000013190553763032e+00 1.573986803258711209e-01
4.006804384425671550e+00 1.596823974523853273e-01
4.013595578297579181e+00 1.619079966470904353e-01
4.020386772169486811e+00 1.640747121080751714e-01
4.027177966041395329e+00 1.661818003678925959e-01
4.033969159913302960e+00 1.682285405284262847e-01
4.040760353785210590e+00 1.702142344863775136e-01
4.047551547657118221e+00 1.721382071493219312e-01
4.054342741529026739e+00 1.739998066422979439e-01
4.061133935400934369e+00 1.757984045048862631e-01
4.067925129272842000e+00 1.775333958787530531e-01
4.074716323144750518e+00 1.792041996856224007e-01
4.081507517016658149e+00 1.808102587956577079e-01
4.088298710888566667e+00 1.823510401862354358e-01
4.095089904760474298e+00 1.838260350910894680e-01
4.101881098632382816e+00 1.852347591398243176e-01
4.108672292504289558e+00 1.865767524877829930e-01
4.115463486376197189e+00 1.878515799362755478e-01
4.122254680248105707e+00 1.890588310431637886e-01
4.129045874120013337e+00 1.901981202238141322e-01
4.135837067991921856e+00 1.912690868424277713e-01
4.142628261863829486e+00 1.922713952937618043e-01
4.149419455735738005e+00 1.932047350752633119e-01
4.156210649607645635e+00 1.940688208496356149e-01
4.163001843479553266e+00 1.948633924978679932e-01
4.169793037351460896e+00 1.955882151627561516e-01
4.176584231223369414e+00 1.962430792829490955e-01
4.183375425095277045e+00 1.968278006175616657e-01
4.190166618967184675e+00 1.973422202613937526e-01
4.196957812839093194e+00 1.977862046508019611e-01
4.203749006711000824e+00 1.981596455602720741e-01
4.210540200582908454e+00 1.984624600897473556e-01
4.217331394454816085e+00 1.986945906427649844e-01
4.224122588326724603e+00 1.988560048954629567e-01
4.230913782198632234e+00 1.989466957565180216e-01
4.237704976070540752e+00 1.989666813180818450e-01
4.244496169942448383e+00 1.989160047977823476e-01
4.251287363814356901e+00 1.987947344718633824e-01
4.258078557686264531e+00 1.986029635995371634e-01
4.264869751558171274e+00 1.983408103386262444e-01
4.271660945430079792e+00 1.980084176525764295e-01
4.278452139301987422e+00 1.976059532089231019e-01
4.285243333173895941e+00 1.971336092692964337e-01
4.292034527045803571e+00 1.965916025710542359e-01
4.298825720917712090e+00 1.959801742006329339e-01
4.305616914789619720e+00 1.952995894587097880e-01
4.312408108661528239e+00 1.945501377172713098e-01
4.319199302533434981e+00 1.937321322686871572e-01
4.325990496405342611e+00 1.928459101668860143e-01
4.332781690277251130e+00 1.918918320607401196e-01
4.339572884149158760e+00 1.908702820197581140e-01
4.346364078021067279e+00 1.897816673521936781e-01
4.353155271892974909e+00 1.886264184156788148e-01
4.359946465764883428e+00 1.874049884204884997e-01
4.366737659636790170e+00 1.861178532255518547e-01
4.373528853508698688e+00 1.847655111273165951e-01
4.380320047380606319e+00 1.833484826415897606e-01
4.387111241252514837e+00 1.818673102784606477e-01
4.393902435124422468e+00 1.803225583104319796e-01
4.400693628996330098e+00 1.787148125338709759e-01
4.407484822868238616e+00 1.770446800239052487e-01
4.414276016740146247e+00 1.753127888828822922e-01
4.421067210612053877e+00 1.735197879825124134e-01
4.427858404483961507e+00 1.716663466998238352e-01
4.434649598355870026e+00 1.697531546470481545e-01
4.441440792227777656e+00 1.677809213955663570e-01
4.448231986099686175e+00 1.657503761940352649e-01
4.455023179971593805e+00 1.636622676808286159e-01
4.461814373843502324e+00 1.615173635909117889e-01
4.468605567715409954e+00 1.593164504572863460e-01
4.475396761587316696e+00 1.570603333071250718e-01
4.482187955459225215e+00 1.547498353527320403e-01
4.488979149331132845e+00 1.523857976774580514e-01
4.495770343203041364e+00 1.499690789166931437e-01
4.502561537074948994e+00 1.475005549340779321e-01
4.509352730946857513e+00 1.449811184930535901e-01
4.516143924818765143e+00 1.424116789238906167e-01
4.522935118690672773e+00 1.397931617863183984e-01
4.529726312562580404e+00 1.371265085278943474e-01
4.536517506434488922e+00 1.344126761382383461e-01
4.543308700306396553e+00 1.316526367992678359e-01
4.550099894178304183e+00 1.288473775315588099e-01
4.556891088050212701e+00 1.259978998369703507e-01
4.563682281922120332e+00 1.231052193376609705e-01
4.570473475794028850e+00 1.201703654116230285e-01
4.577264669665935592e+00 1.171943808248757379e-01
4.584055863537844111e+00 1.141783213604331965e-01
4.590847057409751741e+00 1.111232554441947407e-01
4.597638251281660260e+00 1.080302637678681593e-01
4.604429445153567890e+00 1.049004389090720107e-01
4.611220639025476409e+00 1.017348849487318685e-01
4.618011832897384039e+00 9.853471708591172995e-02
4.624803026769291669e+00 9.530106125019563446e-02
4.631594220641199300e+00 9.203505371175789429e-02
4.638385414513106930e+00 8.873784068924180091e-02
4.645176608385015449e+00 8.541057795557534249e-02
4.651967802256923079e+00 8.205443044185156687e-02
4.658758996128831598e+00 7.867057183939170362e-02
4.665550190000739228e+00 7.526018420012667298e-02
4.672341383872647747e+00 7.182445753540708799e-02
4.679132577744555377e+00 6.836458941337872353e-02
4.685923771616462119e+00 6.488178455503237907e-02
4.692714965488370638e+00 6.137725442905796192e-02
4.699506159360278268e+00 5.785221684562603245e-02
4.706297353232186786e+00 5.430789554920283785e-02
4.713088547104094417e+00 5.074551981053615490e-02
4.719879740976002935e+00 4.716632401791334694e-02
4.726670934847910566e+00 4.357154726782420245e-02
4.733462128719818196e+00 3.996243295513092486e-02
4.740253322591725826e+00 3.634022836287278957e-02
4.747044516463634345e+00 3.270618425181247291e-02
4.753835710335541975e+00 2.906155444984401259e-02
4.760626904207449606e+00 2.540759544136705905e-02
4.767418098079358124e+00 2.174556595674952825e-02
4.774209291951265755e+00 1.807672656198479333e-02
4.781000485823174273e+00 1.440233924864926796e-02
4.787791679695081015e+00 1.072366702428265844e-02
4.794582873566989534e+00 7.041973503280576918e-03
4.801374067438897164e+00 3.358522498430535630e-03
4.808165261310805683e+00 -3.254223868274924714e-04
4.814956455182713313e+00 -4.008598165287889648e-03
4.821747649054621832e+00 -7.689742871926474876e-03
4.828538842926529462e+00 -1.136759596878929301e-02
4.835330036798437092e+00 -1.504089874873412030e-02
4.842121230670344723e+00 -1.870839473791113816e-02
4.848912424542252353e+00 -2.236883009688883650e-02
4.855703618414160871e+00 -2.602095402032356813e-02
4.862494812286068502e+00 -2.966351913507060678e-02
4.869286006157977020e+00 -3.329528189664646143e-02
4.876077200029884651e+00 -3.691500298393298601e-02
4.882868393901793169e+00 -4.052144769204164831e-02
4.889659587773699911e+00 -4.411338632322703290e-02
4.896450781645608430e+00 -4.768959457577300054e-02
4.903241975517516060e+00 -5.124885393073583262e-02
4.910033169389423691e+00 -5.478995203647600565e-02
4.916824363261332209e+00 -5.831168309086764978e-02
4.923615557133239840e+00 -6.181284822110290345e-02
4.930406751005148358e+00 -6.529225586100478873e-02
4.937197944877055988e+00 -6.874872212574861807e-02
4.943989138748963619e+00 -7.218107118391703381e-02
4.950780332620871249e+00 -7.558813562678962095e-02
4.957571526492779768e+00 -7.896875683478851715e-02
4.964362720364687398e+00 -8.232178534098902323e-02
4.971153914236595917e+00 -8.564608119161737365e-02
4.977945108108503547e+00 -8.894051430344127041e-02
4.984736301980411177e+00 -9.220396481798195931e-02
4.991527495852319696e+00 -9.543532345245604731e-02
4.998318689724226438e+00 -9.863349184736826258e-02
5.005109883596134956e+00 -1.017973829106818828e-01
5.011901077468042587e+00 -1.049259211584697149e-01
5.018692271339951105e+00 -1.080180430519884077e-01
5.025483465211858736e+00 -1.110726973310774135e-01
5.032274659083767254e+00 -1.140888453438212852e-01
5.039065852955674885e+00 -1.170654613723847992e-01
5.045857046827581627e+00 -1.200015329549568438e-01
5.052648240699490145e+00 -1.228960612037205691e-01
5.059439434571397776e+00 -1.257480611187725139e-01
5.066230628443306294e+00 -1.285565618979296887e-01
5.073021822315213925e+00 -1.313206072423346582e-01
5.079813016187122443e+00 -1.340392556578018646e-01
5.086604210059030073e+00 -1.367115807518194670e-01
5.093395403930938592e+00 -1.393366715261493138e-01
5.100186597802845334e+00 -1.419136326649414470e-01
5.106977791674753853e+00 -1.444415848183075446e-01
5.113768985546661483e+00 -1.469196648812685635e-01
5.120560179418569113e+00 -1.493470262680251792e-01
5.127351373290477632e+00 -1.517228391814703647e-01
5.134142567162385262e+00 -1.540462908778828799e-01
5.140933761034293781e+00 -1.563165859267383884e-01
5.147724954906201411e+00 -1.585329464655646503e-01
5.154516148778109041e+00 -1.606946124497857786e-01
5.161307342650016672e+00 -1.628008418974835336e-01
5.168098536521925190e+00 -1.648509111290171469e-01
5.174889730393832821e+00 -1.668441150014364216e-01
5.181680924265741339e+00 -1.687797671376301545e-01
5.188472118137648970e+00 -1.706572001501417135e-01
5.195263312009556600e+00 -1.724757658595995613e-01
5.202054505881465118e+00 -1.742348355076963340e-01
5.208845699753371861e+00 -1.759337999646595763e-01
5.215636893625280379e+00 -1.775720699311600648e-01
5.222428087497188010e+00 -1.791490761345894411e-01
5.229219281369096528e+00 -1.806642695196639947e-01
5.236010475241004158e+00 -1.821171214332859833e-01
5.242801669112912677e+00 -1.835071238036161401e-01
5.249592862984820307e+00 -1.848337893132963317e-01
5.256384056856727938e+00 -1.860966515667734911e-01
5.263175250728635568e+00 -1.872952652516677863e-01
5.269966444600543198e+00 -1.884292062941351209e-01
5.276757638472451717e+00 -1.894980720081716474e-01
5.283548832344359347e+00 -1.905014812388090284e-01
5.290340026216267866e+00 -1.914390744991527615e-01
5.297131220088175496e+00 -1.923105141012105279e-01
5.303922413960084015e+00 -1.931154842804675975e-01
5.310713607831990757e+00 -1.938536913141565843e-01
5.317504801703899275e+00 -1.945248636331806669e-01
5.324295995575806906e+00 -1.951287519276390103e-01
5.331087189447715424e+00 -1.956651292459152258e-01
5.337878383319623055e+00 -1.961337910872814894e-01
5.344669577191530685e+00 -1.965345554879779355e-01
5.351460771063439203e+00 -1.968672631007239993e-01
5.358251964935346834e+00 -1.971317772676225155e-01
5.365043158807254464e+00 -1.973279840864165802e-01
5.371834352679162095e+00 -1.974557924700596767e-01
5.378625546551070613e+00 -1.975151341995634580e-01
5.385416740422978243e+00 -1.975059639700850744e-01
5.392207934294886762e+00 -1.974282594302205207e-01
5.398999128166794392e+00 -1.972820212144679730e-01
5.405790322038702911e+00 -1.970672729688305591e-01
5.412581515910609653e+00 -1.967840613695253094e-01
5.419372709782517283e+00 -1.964324561347682296e-01
5.426163903654425802e+00 -1.960125500296068246e-01
5.432955097526333432e+00 -1.955244588637725933e-01
5.439746291398241951e+00 -1.949683214825252142e-01
5.446537485270149581e+00 -1.943442997504660208e-01
5.453328679142058100e+00 -1.936525785282939838e-01
5.460119873013965730e+00 -1.928933656424857979e-01
5.466911066885873360e+00 -1.920668918478743437e-01
5.473702260757780991e+00 -1.911734107831112583e-01
5.480493454629688621e+00 -1.902131989189916605e-01
5.487284648501597140e+00 -1.891865554996274845e-01
5.494075842373504770e+00 -1.880938024764540750e-01
5.500867036245413288e+00 -1.869352844350550269e-01
5.507658230117320919e+00 -1.857113685147980253e-01
5.514449423989229437e+00 -1.844224443212670317e-01
5.521240617861136180e+00 -1.830689238314883727e-01
5.528031811733044698e+00 -1.816512412919373820e-01
5.534823005604952328e+00 -1.801698531093308131e-01
5.541614199476860847e+00 -1.786252377341916997e-01
5.548405393348768477e+00 -1.770178955371958796e-01
5.555196587220676108e+00 -1.753483486782931311e-01
5.561987781092584626e+00 -1.736171409686121381e-01
5.568778974964491368e+00 -1.718248377251527792e-01
5.575570168836399887e+00 -1.699720256182683797e-01
5.582361362708307517e+00 -1.680593125119572151e-01
5.589152556580216036e+00 -1.660873272969619063e-01
5.595943750452123666e+00 -1.640567197167021596e-01
5.602734944324032185e+00 -1.619681601860468168e-01
5.609526138195939815e+00 -1.598223396029506416e-01
5.616317332067848334e+00 -1.576199691529686087e-01
5.623108525939755076e+00 -1.553617801066785598e-01
5.629899719811662706e+00 -1.530485236100260771e-01
5.636690913683571225e+00 -1.506809704676301820e-01
5.643482107555478855e+00 -1.482599109190706754e-01
5.650273301427387374e+00 -1.457861544081899552e-01
5.657064495299295004e+00 -1.432605293454493334e-01
5.663855689171203522e+00 -1.406838828633670824e-01
5.670646883043111153e+00 -1.380570805650872535e-01
5.677438076915018783e+00 -1.353810062661117974e-01
5.684229270786926413e+00 -1.326565617292466415e-01
5.691020464658834932e+00 -1.298846663928055201e-01
5.697811658530742562e+00 -1.270662570921227696e-01
5.704602852402650193e+00 -1.242022877744223264e-01
5.711394046274558711e+00 -1.212937292071051831e-01
5.718185240146466342e+00 -1.183415686795072919e-01
5.724976434018374860e+00 -1.153468096981868085e-01
5.731767627890281602e+00 -1.123104716758111798e-01
5.738558821762190121e+00 -1.092335896136971130e-01
5.745350015634097751e+00 -1.061172137780886926e-01
5.752141209506006270e+00 -1.029624093702250498e-01
5.758932403377913900e+00 -9.977025619029075698e-02
5.765723597249822419e+00 -9.654184829530929046e-02
5.772514791121730049e+00 -9.327829365107315196e-02
5.779305984993636791e+00 -8.998071377818206429e-02
5.786097178865545310e+00 -8.665024339228005745e-02
5.792888372737452940e+00 -8.328803003858398224e-02
5.799679566609361459e+00 -7.989523372078177754e-02
5.806470760481269089e+00 -7.647302652441018145e-02
5.813261954353177607e+00 -7.302259223479443118e-02
5.820053148225085238e+00 -6.954512594966419381e-02
5.826844342096993756e+00 -6.604183368653374075e-02
5.833635535968900498e+00 -6.251393198496713044e-02
5.840426729840808129e+00 -5.896264750382126940e-02
5.847217923712716647e+00 -5.538921661359572091e-02
5.854009117584624278e+00 -5.179488498399018037e-02
5.860800311456532796e+00 -4.818090716679032659e-02
5.867591505328440427e+00 -4.454854617420989094e-02
5.874382699200348945e+00 -4.089907305279935623e-02
5.881173893072256575e+00 -3.723376645306197830e-02
5.887965086944164206e+00 -3.355391219489117782e-02
5.894756280816071836e+00 -2.986080282897443650e-02
5.901547474687980355e+00 -2.615573719428923583e-02
5.908338668559887985e+00 -2.244001997183506236e-02
5.915129862431795615e+00 -1.871496123473359585e-02
5.921921056303704134e+00 -1.498187599484943067e-02
5.928712250175611764e+00 -1.124208374607299499e-02
5.935503444047519395e+00 -7.496908004409191806e-03
5.942294637919427025e+00 -3.747675845032660824e-03
5.949085831791335544e+00 4.282563544788509091e-06
5.955877025663243174e+00 3.757634428031730867e-03
5.962668219535151692e+00 7.511044801490202039e-03
5.969459413407059323e+00 1.126317705686893933e-02
5.976250607278967841e+00 1.501269336278868161e-02
5.983041801150875472e+00 1.875825516139792426e-02
5.989832995022782214e+00 2.249852364814439176e-02
5.996624188894690732e+00 2.623216025328217738e-02
6.003415382766598363e+00 2.995782712493963440e-02
6.010206576638506881e+00 3.367418761358589863e-02
6.016997770510414512e+00 3.737990675769992110e-02
6.023788964382323030e+00 4.107365177048047378e-02
6.030580158254230660e+00 4.475409252739803723e-02
6.037371352126139179e+00 4.841990205442248119e-02
6.044162545998045921e+00 5.206975701672320045e-02
6.050953739869954440e+00 5.570233820767378496e-02
6.057744933741862070e+00 5.931633103794910211e-02
6.064536127613769700e+00 6.291042602454866017e-02
6.071327321485678219e+00 6.648331927953465836e-02
6.078118515357585849e+00 7.003371299829877494e-02
6.084909709229494368e+00 7.356031594716633260e-02
6.091700903101401110e+00 7.706184395012925792e-02
6.098492096973309629e+00 8.053702037452725726e-02
6.105283290845217259e+00 8.398457661545637165e-02
6.112074484717125777e+00 8.740325257872882947e-02
6.118865678589033408e+00 9.079179716216159712e-02
6.125656872460941926e+00 9.414896873500894214e-02
6.132448066332849557e+00 9.747353561532187682e-02
6.139239260204757187e+00 1.007642765450439820e-01
6.146030454076664817e+00 1.040199811626293241e-01
6.152821647948572448e+00 1.072394504729842768e-01
6.159612841820480966e+00 1.104214973145264955e-01
6.166404035692388597e+00 1.135649468231538506e-01
6.173195229564297115e+00 1.166686368929250456e-01
6.179986423436204745e+00 1.197314186332353592e-01
6.186777617308113264e+00 1.227521568222956772e-01
6.193568811180020894e+00 1.257297303566964619e-01
6.200360005051927637e+00 1.286630326968638549e-01
6.207151198923836155e+00 1.315509723081964844e-01
6.213942392795743785e+00 1.343924730976769066e-01
6.220733586667652304e+00 1.371864748457665706e-01
6.227524780539559934e+00 1.399319336333660624e-01
6.234315974411468453e+00 1.426278222636537252e-01
6.241107168283376083e+00 1.452731306785896292e-01
6.247898362155284602e+00 1.478668663698970431e-01
6.254689556027191344e+00 1.504080547843122395e-01
6.261480749899099862e+00 1.528957397229183113e-01
6.268271943771007493e+00 1.553289837343523050e-01
6.275063137642915123e+00 1.577068685017090910e-01
6.281854331514823642e+00 1.600284952229368562e-01
6.288645525386731272e+00 1.622929849845393679e-01
6.295436719258639791e+00 1.644994791284001279e-01
6.302227913130546533e+00 1.666471396115342118e-01
6.309019107002455051e+00 1.687351493585956264e-01
6.315810300874362682e+00 1.707627126069448387e-01
6.322601494746271200e+00 1.727290552441126115e-01
6.329392688618178830e+00 1.746334251374716540e-01
6.336183882490087349e+00 1.764750924559512490e-01
6.342975076361994979e+00 1.782533499836179425e-01
6.349766270233902610e+00 1.799675134249605346e-01
6.356557464105810240e+00 1.816169217017090665e-01
6.363348657977717870e+00 1.832009372410320913e-01
6.370139851849626389e+00 1.847189462549502226e-01
6.376931045721534019e+00 1.861703590108120254e-01
6.383722239593442538e+00 1.875546100926854809e-01
6.390513433465350168e+00 1.888711586535106735e-01
6.397304627337258687e+00 1.901194886578773113e-01
6.404095821209166317e+00 1.912991091152821399e-01
6.410887015081073947e+00 1.924095543037349643e-01
6.417678208952981578e+00 1.934503839835783889e-01
6.424469402824889208e+00 1.944211836013960415e-01
6.431260596696797727e+00 1.953215644838874887e-01
6.438051790568705357e+00 1.961511640215863883e-01
6.444842984440613876e+00 1.969096458423175156e-01
6.451634178312521506e+00 1.975966999742699848e-01
6.458425372184429136e+00 1.982120429985974042e-01
6.465216566056336767e+00 1.987554181914313878e-01
6.472007759928245285e+00 1.992265956552223827e-01
6.478798953800152916e+00 1.996253724393159956e-01
6.485590147672061434e+00 1.999515726496763346e-01
6.492381341543969064e+00 2.002050475476835345e-01
6.499172535415876695e+00 2.003856756379227555e-01
6.505963729287785213e+00 2.004933627449039246e-01
6.512754923159691955e+00 2.005280420786410556e-01
6.519546117031600474e+00 2.004896742890374117e-01
6.526337310903508104e+00 2.003782475090258863e-01
6.533128504775416623e+00 2.001937773864030934e-01
6.539919698647324253e+00 1.999363071043391837e-01
6.546710892519232772e+00 1.996059073905049885e-01
6.553502086391140402e+00 1.992026765147991707e-01
6.560293280263048032e+00 1.987267402756431878e-01
6.567084474134955663e+00 1.981782519748338522e-01
6.573875668006863293e+00 1.975573923809292864e-01
6.580666861878771812e+00 1.968643696811747112e-01
6.587458055750679442e+00 1.960994194219480846e-01
6.594249249622587961e+00 1.952628044377520133e-01
6.601040443494495591e+00 1.943548147687494954e-01
6.607831637366404109e+00 1.933757675668514864e-01
6.614622831238310852e+00 1.923260069904073610e-01
6.621414025110219370e+00 1.912059040874889426e-01
6.628205218982127001e+00 1.900158566678387118e-01
6.634996412854034631e+00 1.887562891634932960e-01
6.641787606725943149e+00 1.874276524781492981e-01
6.648578800597850780e+00 1.860304238253083220e-01
6.655369994469759298e+00 1.845651065552691428e-01
6.662161188341666929e+00 1.830322299710327449e-01
6.668952382213574559e+00 1.814323491331708560e-01
6.675743576085482189e+00 1.797660446537650003e-01
6.682534769957390708e+00 1.780339224794698083e-01
6.689325963829298338e+00 1.762366136637996128e-01
6.696117157701206857e+00 1.743747741287364761e-01
6.702908351573114487e+00 1.724490844157404723e-01
6.709699545445022117e+00 1.704602494263003365e-01
6.716490739316930636e+00 1.684089981520813240e-01
6.723281933188837378e+00 1.662960833948448069e-01
6.730073127060745897e+00 1.641222814762191007e-01
6.736864320932653527e+00 1.618883919374667357e-01
6.743655514804562046e+00 1.595952372293725219e-01
6.750446708676469676e+00 1.572436623923971766e-01
6.757237902548378194e+00 1.548345347272173100e-01
6.764029096420285825e+00 1.523687434558391729e-01
6.770820290292194343e+00 1.498471993734060703e-01
6.777611484164101086e+00 1.472708344908486566e-01
6.784402678036008716e+00 1.446406016685815032e-01
