0.000000000000000000e+00 1.419573127423834069e-01
2.829664113294965561e-02 1.302305547393697582e-01
5.659328226589931121e-02 1.176786178314842696e-01
8.488992339884895988e-02 1.043823360901586783e-01
1.131865645317986224e-01 9.042739842219797708e-02
1.414832056647482850e-01 7.590375670686520804e-02
1.697798467976979198e-01 6.090500415830292502e-02
1.980764879306476101e-01 4.552772896753012888e-02
2.263731290635972448e-01 2.987084846976903463e-02
2.546697701965469074e-01 1.403492921766946733e-02
2.829664113294965699e-01 -1.878501581867933479e-03
3.112630524624462325e-01 -1.776764779024075230e-02
3.395596935953958395e-01 -3.353113377976253695e-02
3.678563347283455021e-01 -4.906868625025377628e-02
3.961529758612952201e-01 -6.428180321984042211e-02
4.244496169942448272e-01 -7.907440518657000983e-02
4.527462581271944897e-01 -9.335346370014908912e-02
4.810428992601441522e-01 -1.070296028678249939e-01
5.093395403930938148e-01 -1.200176696404323951e-01
5.376361815260434218e-01 -1.322372690787599614e-01
5.659328226589931399e-01 -1.436132611812830084e-01
5.942294637919427469e-01 -1.540762162563886206e-01
6.225261049248924650e-01 -1.635628262398775845e-01
6.508227460578420720e-01 -1.720162697861781775e-01
6.791193871907916790e-01 -1.793865293939017613e-01
7.074160283237413971e-01 -1.856306592578761405e-01
7.357126694566910041e-01 -1.907130029656640136e-01
7.640093105896407222e-01 -1.946053605722326829e-01
7.923059517225904402e-01 -1.972871049877105154e-01
8.206025928555399362e-01 -1.987452479963463248e-01
8.488992339884896543e-01 -1.989744565866490567e-01
8.771958751214392613e-01 -1.979770206105310737e-01
9.054925162543889794e-01 -1.957627731009184691e-01
9.337891573873385864e-01 -1.923489648610682834e-01
9.620857985202883045e-01 -1.877600951935980422e-01
9.903824396532380225e-01 -1.820277008623287229e-01
1.018679080786187630e+00 -1.751901055752872471e-01
1.046975721919137126e+00 -1.672921324428503220e-01
1.075272363052086844e+00 -1.583847820016854313e-01
1.103569004185036562e+00 -1.485248785038565389e-01
1.131865645317986280e+00 -1.377746872525129895e-01
1.160162286450935998e+00 -1.262015058225450514e-01
1.188458927583885494e+00 -1.138772320382503145e-01
1.216755568716835212e+00 -1.008779115923559289e-01
1.245052209849784930e+00 -8.728326818376164198e-02
1.273348850982734426e+00 -7.317621902723475680e-02
1.301645492115684144e+00 -5.864237854919790438e-02
1.329942133248633640e+00 -4.376955303184898449e-02
1.358238774381583358e+00 -2.864722890527557353e-02
1.386535415514533076e+00 -1.336605731602308333e-02
1.414832056647482794e+00 1.982662477332308715e-03
1.443128697780432512e+00 1.730749841383893983e-02
1.471425338913382008e+00 3.251739726330588054e-02
1.499721980046331726e+00 4.752219028895005026e-02
1.528018621179281444e+00 6.223309073380151046e-02
1.556315262312231162e+00 7.656318101270362386e-02
1.584611903445180880e+00 9.042788757777533992e-02
1.612908544578130376e+00 1.037454415090081905e-01
1.641205185711079872e+00 1.164373229627604367e-01
1.669501826844029591e+00 1.284286876890011198e-01
1.697798467976979309e+00 1.396487739031883890e-01
1.726095109109928805e+00 1.500312878707387720e-01
1.754391750242878523e+00 1.595147666314762624e-01
1.782688391375828241e+00 1.680429163587028318e-01
1.810985032508777959e+00 1.755649249132572309e-01
1.839281673641727677e+00 1.820357472178862623e-01
1.867578314774677173e+00 1.874163621423646231e-01
1.895874955907626891e+00 1.916739996560660464e-01
1.924171597040576609e+00 1.947823370732217896e-01
1.952468238173526327e+00 1.967216632880568195e-01
1.980764879306476045e+00 1.974790099735894422e-01
2.009061520439425319e+00 1.970482488003338084e-01
2.037358161572375259e+00 1.954301538206805466e-01
2.065654802705324755e+00 1.926324282625332951e-01
2.093951443838274251e+00 1.886696950829673813e-01
2.122248084971224191e+00 1.835634507502921509e-01
2.150544726104173687e+00 1.773419818518515434e-01
2.178841367237123627e+00 1.700402442659625923e-01
2.207138008370073123e+00 1.616997047901746476e-01
2.235434649503022619e+00 1.523681452849149354e-01
2.263731290635972559e+00 1.420994295717712130e-01
2.292027931768922056e+00 1.309532335190469465e-01
2.320324572901871996e+00 1.189947389534827121e-01
2.348621214034821492e+00 1.062942922555375896e-01
2.376917855167770988e+00 9.292702872540699321e-02
2.405214496300720928e+00 7.897246404680161036e-02
2.433511137433670424e+00 6.451405442381612232e-02
2.461807778566620364e+00 4.963872722110173469e-02
2.490104419699569860e+00 3.443638419681352425e-02
2.518401060832519356e+00 1.899937967887871393e-02
2.546697701965468852e+00 3.421976295265145851e-03
2.574994343098418348e+00 -1.220021887500322838e-02
2.603290984231368288e+00 -2.777083461460557595e-02
2.631587625364317784e+00 -4.319332899109969148e-02
2.659884266497267280e+00 -5.837159231377480467e-02
2.688180907630217220e+00 -7.321055584228310098e-02
2.716477548763166716e+00 -8.761680228201373932e-02
2.744774189896116656e+00 -1.014991739437820228e-01
2.773070831029066152e+00 -1.147693743174008491e-01
2.801367472162015648e+00 -1.273425587135923187e-01
2.829664113294965588e+00 -1.391379095696560764e-01
2.857960754427915084e+00 -1.500791919943001984e-01
2.886257395560865024e+00 -1.600952851485368256e-01
2.914554036693814520e+00 -1.691206851246033482e-01
2.942850677826764016e+00 -1.770959750950305833e-01
2.971147318959713957e+00 -1.839682586601304459e-01
2.999443960092663453e+00 -1.896915525246455070e-01
3.027740601225613393e+00 -1.942271348826696831e-01
3.056037242358562889e+00 -1.975438461831203196e-01
3.084333883491512385e+00 -1.996183392841987259e-01
3.112630524624462325e+00 -2.004352763818449401e-01
3.140927165757411821e+00 -1.999874705109288275e-01
3.169223806890361761e+00 -1.982759698648607349e-01
3.197520448023311257e+00 -1.953100836548662400e-01
3.225817089156260753e+00 -1.911073487291878037e-01
3.254113730289210693e+00 -1.856934366892733501e-01
3.282410371422159745e+00 -1.791020017685034937e-01
3.310707012555109241e+00 -1.713744702727695857e-01
3.339003653688059181e+00 -1.625597729146428527e-01
3.367300294821008677e+00 -1.527140218972121710e-01
3.395596935953958617e+00 -1.419001351132348765e-01
3.423893577086908113e+00 -1.301874103134676997e-01
3.452190218219857609e+00 -1.176510525585952871e-01
3.480486859352807549e+00 -1.043716586961494774e-01
3.508783500485757045e+00 -9.043466299172422951e-02
3.537080141618706985e+00 -7.592974838778243640e-02
3.565376782751656481e+00 -6.095022815921438686e-02
3.593673423884605977e+00 -4.559240297905173267e-02
3.621970065017555918e+00 -2.995489859772085262e-02
3.650266706150505414e+00 -1.413798947307073894e-02
3.678563347283455354e+00 1.757086234834170924e-03
3.706859988416404850e+00 1.762881487060699581e-02
3.735156629549354346e+00 3.337609329551263770e-02
3.763453270682304286e+00 4.889890739975083500e-02
3.791749911815253782e+00 6.409899795472151496e-02
3.820046552948203722e+00 7.888050883892627763e-02
3.848343194081153218e+00 9.315061291099263618e-02
3.876639835214102714e+00 1.068201110847807334e-01
3.904936476347052654e+00 1.198040004798990865e-01
3.933233117480002150e+00 1.320220078711810130e-01
3.961529758612952090e+00 1.433990850374166903e-01
3.989826399745901142e+00 1.538658630073752587e-01
4.018123040878850638e+00 1.633590626143857638e-01
4.046419682011800134e+00 1.718218591938914797e-01
4.074716323144750518e+00 1.792041996861249431e-01
4.103012964277700014e+00 1.854630708331395372e-01
4.131309605410649510e+00 1.905627175810380713e-01
4.159606246543599006e+00 1.944748112097832160e-01
4.187902887676548502e+00 1.971785671103849225e-01
4.216199528809498887e+00 1.986608125088237531e-01
4.244496169942448383e+00 1.989160047946309240e-01
4.272792811075398767e+00 1.979462014469251241e-01
4.301089452208347375e+00 1.957609828597348389e-01
4.329386093341297759e+00 1.923773296499821650e-01
4.357682734474247255e+00 1.878194562844306970e-01
4.385979375607195863e+00 1.821186030855503069e-01
4.414276016740146247e+00 1.753127888704576198e-01
4.442572657873095743e+00 1.674465266420830378e-01
4.470869299006045239e+00 1.585705048881239365e-01
4.499165940138994735e+00 1.487412371521863452e-01
4.527462581271945119e+00 1.380206826240412687e-01
4.555759222404893727e+00 1.264758405537160235e-01
4.584055863537844111e+00 1.141783213289339349e-01
4.612352504670793607e+00 1.012038970691813422e-01
4.640649145803743991e+00 8.763203458437542059e-02
4.668945786936692599e+00 7.354541352397298004e-02
4.697242428069642983e+00 5.902943250540090836e-02
4.725539069202592479e+00 4.417170596119379677e-02
4.753835710335541975e+00 2.906155438413112607e-02
4.782132351468491471e+00 1.378949058115773452e-02
4.810428992601441855e+00 -1.553295528291809280e-03
4.838725633734390463e+00 -1.687545111386713759e-02
4.867022274867340847e+00 -3.208597126321263010e-02
4.895318916000290344e+00 -4.709470415045840380e-02
4.923615557133240728e+00 -6.181284834186448474e-02
4.951912198266189336e+00 -7.615344012079496017e-02
4.980208839399139720e+00 -9.003182879738746980e-02
5.008505480532089216e+00 -1.033661380492054416e-01
5.036802121665038712e+00 -1.160777114175295527e-01
5.065098762797988208e+00 -1.280915401593239467e-01
5.093395403930937704e+00 -1.393366717274030775e-01
5.121692045063887200e+00 -1.497465972209444662e-01
5.149988686196836696e+00 -1.592596162156231787e-01
5.178285327329787080e+00 -1.678191774477467701e-01
5.206581968462736576e+00 -1.753741938905030162e-01
5.234878609595686072e+00 -1.818793308235930883e-01
5.263175250728635568e+00 -1.872952655610050643e-01
5.291471891861585952e+00 -1.915889175665487221e-01
5.319768532994534560e+00 -1.947336477540955457e-01
5.348065174127484944e+00 -1.967094258404557539e-01
5.376361815260434440e+00 -1.975029646946676598e-01
5.404658456393383936e+00 -1.971078207094419110e-01
5.432955097526333432e+00 -1.955244593097841266e-01
5.461251738659283816e+00 -1.927602848116398704e-01
5.489548379792233312e+00 -1.888296339508723498e-01
5.517845020925182808e+00 -1.837537325210469308e-01
5.546141662058132304e+00 -1.775606146882765801e-01
5.574438303191082689e+00 -1.702850046935443229e-01
5.602734944324031297e+00 -1.619681608080792978e-01
5.631031585456981681e+00 -1.526576815758921291e-01
5.659328226589931177e+00 -1.424072745596877410e-01
5.687624867722880673e+00 -1.312764880019187119e-01
5.715921508855830169e+00 -1.193304060214536721e-01
5.744218149988780553e+00 -1.066393081874806026e-01
5.772514791121730049e+00 -9.327829454495201178e-02
5.800811432254678657e+00 -7.932687740880073335e-02
5.829108073387629041e+00 -6.486854149573376138e-02
5.857404714520578537e+00 -4.999027422071833371e-02
5.885701355653528033e+00 -3.478206824803500852e-02
5.913997996786477529e+00 -1.933639865151537407e-02
5.942294637919427913e+00 -3.747677302342961037e-03
5.970591279052376521e+00 1.188831263742859412e-02
5.998887920185326905e+00 2.747499898512675842e-02
6.027184561318276401e+00 4.291561619948910944e-02
6.055481202451226785e+00 5.811381083568101236e-02
6.083777843584175393e+00 7.297425298603565924e-02
6.112074484717125777e+00 8.740324971307687763e-02
6.140371125850075273e+00 1.013093563211440590e-01
6.168667766983024769e+00 1.146039811824841187e-01
6.196964408115974265e+00 1.272019797363525273e-01
6.225261049248924650e+00 1.390222332188999488e-01
6.253557690381873257e+00 1.499882076602381265e-01
6.281854331514823642e+00 1.600284887057012995e-01
6.310150972647773138e+00 1.690772878829494008e-01
6.338447613780723522e+00 1.770749160468322869e-01
6.366744254913672130e+00 1.839682198906657795e-01
6.395040896046622514e+00 1.897109776161840788e-01
6.423337537179572010e+00 1.942642501044167802e-01
6.451634178312521506e+00 1.975966842250850286e-01
6.479930819445471002e+00 1.996847652608773060e-01
6.508227460578421386e+00 2.005130158026522391e-01
6.536524101711369994e+00 2.000741388888749306e-01
6.564820742844319490e+00 1.983691036134465069e-01
6.593117383977269874e+00 1.954071719059100598e-01
6.621414025110218482e+00 1.912058656915580634e-01
6.649710666243168866e+00 1.857908741605331926e-01
6.678007307376118362e+00 1.791959014084167912e-01
6.706303948509068746e+00 1.714624552495549459e-01
6.734600589642017354e+00 1.626395785418188744e-01
6.762897230774967738e+00 1.527835248908031573e-01
