2.964393875047479265e-323 0.000000000000000000e+00
6.762897230774967738e+00 1.527834698848343220e-01
6.734600589642018242e+00 1.626395345151960825e-01
6.706303948509068746e+00 1.714624202203209602e-01
6.678007307376118362e+00 1.791958737346631969e-01
6.649710666243168866e+00 1.857908524846815790e-01
6.621414025110219370e+00 1.912058488934679501e-01
6.593117383977269874e+00 1.954071590634444966e-01
6.564820742844320378e+00 1.983690939693438515e-01
6.536524101711370882e+00 2.000741318229510290e-01
6.508227460578420498e+00 2.005130108085007024e-01
6.479930819445471002e+00 1.996847619263646123e-01
6.451634178312521506e+00 1.975966822160489800e-01
6.423337537179571122e+00 1.942642491510619407e-01
6.395040896046621626e+00 1.897109775017505884e-01
6.366744254913672130e+00 1.839682204420075573e-01
6.338447613780722634e+00 1.770749171266021160e-01
6.310150972647773138e+00 1.690772893831344881e-01
6.281854331514823642e+00 1.600284905422869330e-01
6.253557690381874146e+00 1.499882097688224891e-01
6.225261049248923761e+00 1.390222355510981889e-01
6.196964408115974265e+00 1.272019822568691838e-01
6.168667766983024769e+00 1.146039838667312627e-01
6.140371125850075273e+00 1.013093591533264226e-01
6.112074484717125777e+00 8.740325268465806707e-02
6.083777843584176281e+00 7.297425609452484752e-02
6.055481202451225897e+00 5.811381408368182511e-02
6.027184561318276401e+00 4.291561959397610648e-02
5.998887920185326905e+00 2.747500253689541538e-02
5.970591279052377409e+00 1.188831636070480924e-02
5.942294637919427913e+00 -3.747673390171513130e-03
5.913997996786478417e+00 -1.933639453005736586e-02
5.885701355653528033e+00 -3.478206389397020537e-02
5.857404714520578537e+00 -4.999026960779184847e-02
5.829108073387629041e+00 -6.486853659469044020e-02
5.800811432254678657e+00 -7.932687218726164335e-02
5.772514791121729161e+00 -9.327828896724349450e-02
5.744218149988779665e+00 -1.066393022144165037e-01
5.715921508855830169e+00 -1.193303996100804898e-01
5.687624867722880673e+00 -1.312764811052215819e-01
5.659328226589931177e+00 -1.424072671262583412e-01
5.631031585456980793e+00 -1.526576735495612791e-01
5.602734944324031297e+00 -1.619681521275112557e-01
5.574438303191081800e+00 -1.702849952917956655e-01
5.546141662058132304e+00 -1.775606044923117854e-01
5.517845020925182808e+00 -1.837537214512153239e-01
5.489548379792233312e+00 -1.888296219203377257e-01
5.461251738659283816e+00 -1.927602717257629050e-01
5.432955097526334320e+00 -1.955244450654526345e-01
5.404658456393384824e+00 -1.971078051943451204e-01
5.376361815260434440e+00 -1.975029477865090088e-01
5.348065174127484944e+00 -1.967094074060996844e-01
5.319768532994535448e+00 -1.947336276486424933e-01
5.291471891861585952e+00 -1.915888956323316406e-01
5.263175250728635568e+00 -1.872952416265018516e-01
5.234878609595686072e+00 -1.818793047022455867e-01
5.206581968462736576e+00 -1.753741653794365640e-01
5.178285327329786192e+00 -1.678191463263805083e-01
5.149988686196836696e+00 -1.592595822441631448e-01
5.121692045063887200e+00 -1.497465601387462930e-01
5.093395403930937704e+00 -1.393366312511978011e-01
5.065098762797988208e+00 -1.280914959812917420e-01
5.036802121665038712e+00 -1.160776632032095995e-01
5.008505480532089216e+00 -1.033660854352285441e-01
4.980208839399139720e+00 -9.003177138901619081e-02
4.951912198266190224e+00 -7.615337748925551931e-02
4.923615557133239840e+00 -6.181278002145011718e-02
4.895318916000290344e+00 -4.709462963539462477e-02
4.867022274867340847e+00 -3.208589000424857951e-02
4.838725633734391351e+00 -1.687536251458723879e-02
4.810428992601440967e+00 -1.553198941110951747e-03
4.782132351468491471e+00 1.378959585932713200e-02
4.753835710335541975e+00 2.906166911658566998e-02
4.725539069202592479e+00 4.417183097653130941e-02
4.697242428069642983e+00 5.902956870304153225e-02
4.668945786936693487e+00 7.354556188013873508e-02
4.640649145803743103e+00 8.763219615856972233e-02
4.612352504670793607e+00 1.012040730111989223e-01
4.584055863537844111e+00 1.141785128864599846e-01
4.555759222404894615e+00 1.264760490805447168e-01
4.527462581271945119e+00 1.380209095889756987e-01
4.499165940138994735e+00 1.487414841486641437e-01
4.470869299006045239e+00 1.585707736446349270e-01
4.442572657873095743e+00 1.674468190334346684e-01
4.414276016740146247e+00 1.753131069299574130e-01
4.385979375607195863e+00 1.821189490181761850e-01
4.357682734474246367e+00 1.878198324810659847e-01
4.329386093341296871e+00 1.923777387027968688e-01
4.301089452208347375e+00 1.957614275788026048e-01
4.272792811075397879e+00 1.979466848781694654e-01
4.244496169942448383e+00 1.989165302392006951e-01
4.216199528809498887e+00 1.986613835440084186e-01
4.187902887676549391e+00 1.971791876121830600e-01
4.159606246543599894e+00 1.944754853772489855e-01
4.131309605410650398e+00 1.905634499625377398e-01
4.103012964277700902e+00 1.854638663546585575e-01
4.074716323144750518e+00 1.792050636817761333e-01
4.046419682011801022e+00 1.718227974387865342e-01
4.018123040878850638e+00 1.633600813600361856e-01
3.989826399745901586e+00 1.538669690198122553e-01
3.961529758612951202e+00 1.434002856382161906e-01
3.933233117480001706e+00 1.320233109816074113e-01
3.904936476347052210e+00 1.198054146683790455e-01
3.876639835214102714e+00 1.068216456179476859e-01
3.848343194081153218e+00 9.315227780854257178e-02
3.820046552948203278e+00 7.888231493255237758e-02
3.791749911815253782e+00 6.410095695140188843e-02
3.763453270682304286e+00 4.890103194968392630e-02
3.735156629549354790e+00 3.337839706501463666e-02
3.706859988416405294e+00 1.763131262029607460e-02
3.678563347283455798e+00 1.759793903454376363e-03
3.650266706150505414e+00 -1.413505467882281152e-02
3.621970065017555918e+00 -2.995171810697583314e-02
3.593673423884606422e+00 -4.558895675374866063e-02
3.565376782751656481e+00 -6.094649458385234531e-02
3.537080141618706541e+00 -7.592570415148847118e-02
3.508783500485757045e+00 -9.043028296216623629e-02
3.480486859352807105e+00 -1.043669157847959827e-01
3.452190218219857609e+00 -1.176459175767959053e-01
3.423893577086908113e+00 -1.301818518188136709e-01
