
Initial conditions (pos+vel):
 -1.15568360783326e+00   0.00000000000000e+00   0.00000000000000e+00
  0.00000000000000e+00   6.01798617482635e-06   0.00000000000000e+00

Monodromy matrix:
  1.30512181074419e+06   1.68425930652996e+05   0.00000000000000e+00 
  4.69830527959502e+05   2.97151095223145e+05   0.00000000000000e+00 
 -8.25443848959457e+05  -1.06522393819713e+05   0.00000000000000e+00 
 -2.97151095223311e+05  -1.87937746650259e+05   0.00000000000000e+00 
  0.00000000000000e+00   0.00000000000000e+00   9.17527785824363e-01 
  0.00000000000000e+00   0.00000000000000e+00  -2.22484618850721e-01 
  3.62544171756281e+06   4.67862630587047e+05   0.00000000000000e+00 
  1.30512181074416e+06   8.25443848958975e+05   0.00000000000000e+00 
 -4.67862630587474e+05  -6.03778429619342e+04   0.00000000000000e+00 
 -1.68425930653145e+05  -1.06522393819748e+05   0.00000000000000e+00 
  0.00000000000000e+00   0.00000000000000e+00   7.10803124535771e-01 
  0.00000000000000e+00   0.00000000000000e+00   9.17527785824363e-01 

Estability parameters:
  2.39719684221234e+06   1.99163655310147e+00   1.83505557128341e+00 


