5 -32.92
5.71428571428571 -32.4222222222222
6.42857142857143 -31.9244444444444
7.14285714285714 -31.4266666666667
7.85714285714286 -30.9288888888889
8.57142857142857 -30.4311111111111
9.28571428571428 -29.92
10 -29.4088888888889
10.7142857142857 -28.8933333333333
11.4285714285714 -30.12
12.1428571428571 -27.8622222222222
12.8571428571429 -27.3466666666667
13.5714285714286 -26.84
14.2857142857143 -26.2888888888889
15 -25.7466666666667
15.7142857142857 -26.58
16.4285714285714 -24.6533333333333
17.1428571428571 -24.0666666666667
17.8571428571429 -23.52
18.5714285714286 -22.94
19.2857142857143 -22.36
20 -21.736
20.7142857142857 -21.1333333333333
21.4285714285714 -20.5314285714286
22.1428571428571 -19.88
22.8571428571429 -19.2133333333333
23.5714285714286 -21.88
24.2857142857143 -17.88
25 -17.1422222222222
25.7142857142857 -16.4488888888889
26.4285714285714 -20.9600000000001
27.1428571428571 -14.8933333333333
27.8571428571429 -17.72
28.5714285714286 -13.24
29.2857142857143 -12.4
30 -11.5066666666667
30.7142857142857 -10.52
31.4285714285714 -9.50666666666666
32.1428571428571 -8.41333333333334
32.8571428571429 -7.24
33.5714285714286 -16.95
34.2857142857143 -10.225
35 -3.5
35.7142857142857 -2.21428571428571
36.4285714285714 -0.928571428571425
37.1428571428571 0.357142857142863
37.8571428571429 1.64285714285715
38.5714285714286 2.92857142857142
39.2857142857143 4.21428571428571
40 5.5
