6 -32.21
6.29 -32.03
6.38666666666667 -31.94
6.67666666666667 -31.76
6.77333333333333 -31.67
7.06333333333333 -31.49
7.16 -31.4
7.45 -31.22
7.54666666666667 -31.13
7.83666666666667 -30.95
7.93333333333333 -30.86
8.22333333333333 -30.68
8.32 -30.59
8.61 -30.41
8.70666666666667 -30.32
9.09333333333333 -30.05
9.48 -29.78
9.86666666666667 -29.51
9.96333333333333 -29.42
10.2533333333333 -29.24
10.35 -29.15
10.64 -28.97
10.7366666666667 -28.88
11.1233333333333 -28.61
11.22 -28.52
11.51 -28.34
11.6066666666667 -28.25
11.9933333333333 -27.98
12.09 -27.89
12.38 -27.71
12.4766666666667 -27.62
12.8633333333333 -27.35
12.96 -27.26
13.3466666666667 -26.99
13.4433333333333 -26.9
13.83 -26.63
13.9266666666667 -26.54
14.3133333333333 -26.27
14.41 -26.18
14.7966666666667 -25.91
14.8933333333333 -25.82
15.28 -25.55
15.3766666666667 -25.46
15.4733333333333 -25.37
15.86 -25.1
15.9566666666667 -25.01
16.0533333333333 -24.92
16.44 -24.65
16.5366666666667 -24.56
16.6333333333333 -24.47
17.02 -24.2
17.1166666666667 -24.11
17.2133333333333 -24.02
17.31 -23.93
17.6966666666667 -23.66
17.7933333333333 -23.57
17.89 -23.48
17.9866666666667 -23.39
18.47 -23.03
18.5666666666667 -22.94
18.6633333333333 -22.85
18.76 -22.76
19.2433333333333 -22.4
19.34 -22.31
19.4366666666667 -22.22
19.5333333333333 -22.13
19.63 -22.04
20.21 -21.59
20.3066666666667 -21.5
20.4033333333333 -21.41
20.5 -21.32
20.5966666666667 -21.23
20.6933333333333 -21.14
20.79 -21.05
21.66 -20.33
21.7566666666667 -20.24
21.8533333333333 -20.15
21.95 -20.06
22.0466666666667 -19.97
22.1433333333333 -19.88
22.24 -19.79
22.3366666666667 -19.7
22.4333333333333 -19.61
22.53 -19.52
22.6266666666667 -19.43
22.7233333333333 -19.34
22.82 -19.25
22.9166666666667 -19.16
23.0133333333333 -19.07
23.11 -18.98
23.2066666666667 -18.89
23.3033333333333 -18.8
23.4 -18.71
23.4966666666667 -18.62
23.5933333333333 -18.53
23.69 -18.44
23.7866666666667 -18.35
23.8833333333333 -18.26
23.98 -18.17
24.0766666666667 -18.08
24.1733333333333 -17.99
24.27 -17.9
24.3666666666667 -17.81
25.14 -17
25.2366666666667 -16.91
25.3333333333333 -16.82
25.43 -16.73
25.5266666666667 -16.64
25.6233333333333 -16.55
26.01 -16.1
26.1066666666667 -16.01
26.2033333333333 -15.92
26.3 -15.83
26.3966666666667 -15.74
26.6866666666667 -15.38
26.7833333333333 -15.29
26.88 -15.2
26.9766666666667 -15.11
27.2666666666667 -14.75
27.3633333333333 -14.66
27.46 -14.57
27.75 -14.21
27.8466666666667 -14.12
28.1366666666667 -13.76
28.2333333333333 -13.67
28.5233333333333 -13.31
28.62 -13.22
28.8133333333333 -12.95
28.91 -12.86
29.2 -12.5
29.3933333333333 -12.23
29.49 -12.14
29.6833333333333 -11.87
29.78 -11.78
29.9733333333333 -11.51
30.1666666666667 -11.24
30.2633333333333 -11.15
30.4566666666667 -10.88
30.65 -10.61
30.8433333333333 -10.34
31.0366666666667 -10.07
31.23 -9.8
31.4233333333333 -9.53
31.52 -9.35
31.7133333333333 -9.08
31.9066666666667 -8.81
32.0033333333333 -8.63
32.1966666666667 -8.36
32.2933333333333 -8.18
32.39 -8
